timestamp,value
9259,0.0015259021896696368
29371,0.0015259021896696368
19137,0.0015259021896696368
39363,0.0015259021896696368
49337,0.0015259021896696368
59353,0.0015259021896696368
69298,0.0015259021896696368
79302,0.0015259021896696368
89427,0.0015259021896696368
99177,0.0015259021896696368
109258,0.0015259021896696368
119314,0.0015259021896696368
129299,0.0015259021896696368
139149,0.0015259021896696368
159049,0.0015259021896696368
149275,0.0015259021896696368
169146,0.0015259021896696368
179278,0.0015259021896696368
199141,0.0015259021896696368
189272,0.0015259021896696368
209272,0.0015259021896696368
219035,0.0015259021896696368
229149,0.0015259021896696368
249278,0.0015259021896696368
239279,0.0015259021896696368
259138,0.0015259021896696368
269267,0.0015259021896696368
279039,0.0015259021896696368
289180,0.0015259021896696368
299277,0.0015259021896696368
309278,0.0015259021896696368
329268,0.0015259021896696368
319174,0.0015259021896696368
339037,0.0015259021896696368
349177,0.0015259021896696368
369281,0.0015259021896696368
359273,0.0015259021896696368
379163,0.0015259021896696368
389263,0.0015259021896696368
399036,0.0015259021896696368
409297,0.0015259021896696368
419275,0.0015259021896696368
429264,0.0015259021896696368
439164,0.0015259021896696368
449261,0.0015259021896696368
459035,0.0015259021896696368
469162,0.0015259021896696368
479522,0.0015259021896696368
489263,0.0015259021896696368
499460,0.0015259021896696368
509398,0.0015259021896696368
519268,0.0015259021896696368
529351,0.0015259021896696368
549398,0.0015259021896696368
539535,0.0015259021896696368
559360,0.0015259021896696368
569389,0.0015259021896696368
579174,0.0015259021896696368
589384,0.0015259021896696368
600421,0.0015259021896696368
609327,0.0015259021896696368
619162,0.0015259021896696368
629292,0.0015259021896696368
639037,0.0015259021896696368
649167,0.0015259021896696368
669260,0.0015259021896696368
659299,0.0015259021896696368
679155,0.0015259021896696368
689293,0.0015259021896696368
699016,0.0015259021896696368
709148,0.0015259021896696368
719294,0.0015259021896696368
729269,0.0015259021896696368
739151,0.0015259021896696368
749286,0.0015259021896696368
759013,0.0015259021896696368
769164,0.0015259021896696368
779288,0.0015259021896696368
789294,0.0015259021896696368
799154,0.0015259021896696368
809288,0.0015259021896696368
819054,0.0015259021896696368
829162,0.0015259021896696368
839286,0.0015259021896696368
849289,0.0015259021896696368
859140,0.0015259021896696368
879066,0.0015259021896696368
869286,0.0015259021896696368
889167,0.0015259021896696368
899285,0.0015259021896696368
909296,0.0015259021896696368
919144,0.0015259021896696368
929279,0.0015259021896696368
949155,0.0015259021896696368
939044,0.0015259021896696368
960192,0.0015259021896696368
969292,0.0015259021896696368
979160,0.0015259021896696368
989366,0.0015259021896696368
999180,0.0015259021896696368
1009401,0.0015259021896696368
1019398,0.0015259021896696368
1029375,0.0015259021896696368
1039353,0.0015259021896696368
1049321,0.0015259021896696368
1059207,0.0015259021896696368
1069263,0.0015259021896696368
1079361,0.0015259021896696368
1089342,0.0015259021896696368
1109268,0.0015259021896696368
1099159,0.0015259021896696368
1119054,0.0015259021896696368
1129169,0.0015259021896696368
1139275,0.0015259021896696368
1149272,0.0015259021896696368
1159184,0.0015259021896696368
1169279,0.0015259021896696368
1179041,0.0015259021896696368
1189176,0.0015259021896696368
1199273,0.0015259021896696368
1219160,0.0015259021896696368
1209291,0.0015259021896696368
1229279,0.0015259021896696368
1239031,0.0015259021896696368
1249195,0.0015259021896696368
1259267,0.0015259021896696368
1269271,0.0015259021896696368
1279158,0.0015259021896696368
1289303,0.0015259021896696368
1299030,0.0015259021896696368
1309166,0.0015259021896696368
1339192,0.0015259021896696368
1319297,0.0015259021896696368
1329269,0.0015259021896696368
1359060,0.0015259021896696368
1349293,0.0015259021896696368
1369177,0.0015259021896696368
1379300,0.0015259021896696368
1389266,0.0015259021896696368
1399179,0.0015259021896696368
1409290,0.0015259021896696368
1419054,0.0015259021896696368
1429175,0.0015259021896696368
1439291,0.0015259021896696368
1479131,0.0015259021896696368
1449279,0.0015259021896696368
1459148,0.0015259021896696368
1469298,0.0015259021896696368
1489157,0.0015259021896696368
1499315,0.0015259021896696368
1509260,0.0015259021896696368
1519154,0.0015259021896696368
1529313,0.0015259021896696368
1539055,0.0015259021896696368
1559287,0.0015259021896696368
1549186,0.0015259021896696368
1569290,0.0015259021896696368
1579165,0.0015259021896696368
1599077,0.0015259021896696368
1589304,0.0015259021896696368
1609157,0.0015259021896696368
1619315,0.0015259021896696368
1639175,0.0015259021896696368
1629298,0.0015259021896696368
1659064,0.0015259021896696368
1649279,0.0015259021896696368
1669147,0.0015259021896696368
1679313,0.0015259021896696368
1689295,0.0015259021896696368
1699139,0.0015259021896696368
1709289,0.0015259021896696368
1719061,0.0015259021896696368
1729144,0.0015259021896696368
1739297,0.0015259021896696368
1749302,0.0015259021896696368
1759144,0.0015259021896696368
1769304,0.0015259021896696368
1779071,0.0015259021896696368
1789179,0.0015259021896696368
1799283,0.0015259021896696368
1809278,0.0015259021896696368
1819192,0.0015259021896696368
1829283,0.0015259021896696368
1839058,0.0015259021896696368
1849200,0.0015259021896696368
1859300,0.0015259021896696368
1869290,0.0015259021896696368
1879179,0.0015259021896696368
1889285,0.0015259021896696368
1899046,0.0015259021896696368
1909171,0.0015259021896696368
1919288,0.0015259021896696368
1929293,0.0015259021896696368
1939166,0.0015259021896696368
1949272,0.0015259021896696368
1959046,0.0015259021896696368
1969195,0.0015259021896696368
1979280,0.0015259021896696368
1989282,0.0015259021896696368
1999194,0.0015259021896696368
2009305,0.0015259021896696368
2019220,0.0015259021896696368
2029179,0.0015259021896696368
2049277,0.0015259021896696368
2059157,0.0015259021896696368
2039328,0.0015259021896696368
2069310,0.0015259021896696368
2079041,0.0015259021896696368
2089173,0.0015259021896696368
2099303,0.0015259021896696368
2109278,0.0015259021896696368
2119173,0.0015259021896696368
2129300,0.0015259021896696368
2139046,0.0015259021896696368
2149163,0.0015259021896696368
2159328,0.0015259021896696368
2169281,0.0015259021896696368
2179169,0.0015259021896696368
2189316,0.0015259021896696368
2199068,0.0015259021896696368
2209164,0.0015259021896696368
2219310,0.0015259021896696368
2229303,0.0015259021896696368
2249304,0.0015259021896696368
2239166,0.0015259021896696368
2259043,0.0015259021896696368
2269269,0.0015259021896696368
2279323,0.0015259021896696368
2289296,0.0015259021896696368
2299185,0.0015259021896696368
2309321,0.0015259021896696368
2319075,0.0015259021896696368
2329267,0.0015259021896696368
2339300,0.0015259021896696368
2369300,0.0015259021896696368
2349298,0.0015259021896696368
2359151,0.0015259021896696368
2379056,0.0015259021896696368
2389157,0.0015259021896696368
2399291,0.0015259021896696368
2409303,0.0015259021896696368
2429301,0.0015259021896696368
2419171,0.0015259021896696368
2449163,0.0015259021896696368
2459313,0.0015259021896696368
2479162,0.0015259021896696368
2439076,0.0015259021896696368
2469293,0.0015259021896696368
2489313,0.0015259021896696368
2499065,0.0015259021896696368
2509176,0.0015259021896696368
2519294,0.0015259021896696368
2539188,0.0015259021896696368
2529294,0.0015259021896696368
2549288,0.0015259021896696368
2559054,0.0015259021896696368
2569190,0.0015259021896696368
2579295,0.0015259021896696368
2589286,0.0015259021896696368
2599170,0.0015259021896696368
2609307,0.0015259021896696368
2619064,0.0015259021896696368
2629198,0.0015259021896696368
2639289,0.0015259021896696368
2649295,0.0015259021896696368
2659212,0.0015259021896696368
2669281,0.0015259021896696368
2679050,0.0015259021896696368
2689213,0.0015259021896696368
2699306,0.0015259021896696368
2709292,0.0015259021896696368
2729275,0.0015259021896696368
2719201,0.0015259021896696368
2739055,0.0015259021896696368
2749194,0.0015259021896696368
2759290,0.0015259021896696368
2779166,0.0015259021896696368
2769315,0.0015259021896696368
2789311,0.0015259021896696368
2799049,0.0015259021896696368
2809180,0.0015259021896696368
2819309,0.0015259021896696368
2839185,0.0015259021896696368
2829282,0.0015259021896696368
2849328,0.0015259021896696368
2859063,0.0015259021896696368
2869184,0.0015259021896696368
2879329,0.0015259021896696368
2889286,0.0015259021896696368
2899185,0.0015259021896696368
2909312,0.0015259021896696368
2919069,0.0015259021896696368
2929180,0.0015259021896696368
2939331,0.0015259021896696368
2949310,0.0015259021896696368
2959190,0.0015259021896696368
2970136,0.0015259021896696368
2979106,0.0015259021896696368
2989177,0.0015259021896696368
2999311,0.0015259021896696368
3009299,0.0015259021896696368
3019302,0.0015259021896696368
3029304,0.0015259021896696368
3039077,0.0015259021896696368
3049185,0.0015259021896696368
3059313,0.0015259021896696368
3069309,0.0015259021896696368
3079288,0.0015259021896696368
3089308,0.0015259021896696368
3099202,0.0015259021896696368
3109182,0.0015259021896696368
3129300,0.0015259021896696368
3119309,0.0015259021896696368
3139175,0.0015259021896696368
3149531,0.0015259021896696368
3159319,0.0015259021896696368
3169305,0.0015259021896696368
3189306,0.0015259021896696368
3179309,0.0015259021896696368
3199296,0.0015259021896696368
3209300,0.0015259021896696368
3219064,0.0015259021896696368
3229170,0.0015259021896696368
3239305,0.0015259021896696368
3249300,0.0015259021896696368
3259168,0.0015259021896696368
3269303,0.0015259021896696368
3279063,0.0015259021896696368
3289212,0.0015259021896696368
3299301,0.0015259021896696368
3309299,0.0015259021896696368
3319193,0.0015259021896696368
3329292,0.0015259021896696368
3339054,0.0015259021896696368
3349202,0.0015259021896696368
3359302,0.0015259021896696368
3369297,0.0015259021896696368
3379194,0.0015259021896696368
3389288,0.0015259021896696368
3409202,0.0015259021896696368
3399066,0.0015259021896696368
3429306,0.0015259021896696368
3419303,0.0015259021896696368
3439193,0.0015259021896696368
3449296,0.0015259021896696368
3459055,0.0015259021896696368
3469201,0.0015259021896696368
3479294,0.0015259021896696368
3489286,0.0015259021896696368
3499188,0.0015259021896696368
3509283,0.0015259021896696368
3529195,0.0015259021896696368
3519055,0.0015259021896696368
3549298,0.0015259021896696368
3539323,0.0015259021896696368
3559186,0.0015259021896696368
3569314,0.0015259021896696368
3579055,0.0015259021896696368
3589196,0.0015259021896696368
3609289,0.0015259021896696368
3599320,0.0015259021896696368
3619208,0.0015259021896696368
3629315,0.0015259021896696368
3639051,0.0015259021896696368
3649189,0.0015259021896696368
3659320,0.0015259021896696368
3669284,0.0015259021896696368
3679182,0.0015259021896696368
3699054,0.0015259021896696368
3689312,0.0015259021896696368
3709192,0.0015259021896696368
3719320,0.0015259021896696368
3739181,0.0015259021896696368
3729284,0.0015259021896696368
3759051,0.0015259021896696368
3749314,0.0015259021896696368
3769193,0.0015259021896696368
3779316,0.0015259021896696368
3789307,0.0015259021896696368
3799182,0.0015259021896696368
3809309,0.0015259021896696368
3819073,0.0015259021896696368
3829182,0.0015259021896696368
3839314,0.0015259021896696368
3849309,0.0015259021896696368
3859177,0.0015259021896696368
3869307,0.0015259021896696368
3879075,0.0015259021896696368
3889185,0.0015259021896696368
3899318,0.0015259021896696368
3909307,0.0015259021896696368
3919174,0.0015259021896696368
3929301,0.0015259021896696368
3939069,0.0015259021896696368
3959306,0.0015259021896696368
3949179,0.0015259021896696368
3969309,0.0015259021896696368
3979171,0.0015259021896696368
3999079,0.0015259021896696368
3989309,0.0015259021896696368
4009183,0.0015259021896696368
4019311,0.0015259021896696368
4039205,0.0015259021896696368
4029298,0.0015259021896696368
4059066,0.0015259021896696368
4049302,0.0015259021896696368
4069211,0.0015259021896696368
4079311,0.0015259021896696368
4089312,0.0015259021896696368
4099205,0.0015259021896696368
4109301,0.0015259021896696368
4119069,0.0015259021896696368
4129208,0.0015259021896696368
4139302,0.0015259021896696368
4149313,0.0015259021896696368
4159205,0.0015259021896696368
4169301,0.0015259021896696368
4179067,0.0015259021896696368
4189208,0.0015259021896696368
4199299,0.0015259021896696368
4209293,0.0015259021896696368
4219197,0.0015259021896696368
4229298,0.0015259021896696368
4239057,0.0015259021896696368
4249209,0.0015259021896696368
4259300,0.0015259021896696368
4269296,0.0015259021896696368
4279193,0.0015259021896696368
4289322,0.0015259021896696368
4299063,0.0015259021896696368
4329298,0.0015259021896696368
4319333,0.0015259021896696368
4309214,0.0015259021896696368
4339197,0.0015259021896696368
4349325,0.0015259021896696368
4359057,0.0015259021896696368
4369194,0.0015259021896696368
4379326,0.0015259021896696368
4389303,0.0015259021896696368
4399194,0.0015259021896696368
4419069,0.0015259021896696368
4409318,0.0015259021896696368
4429189,0.0015259021896696368
4439328,0.0015259021896696368
4449292,0.0015259021896696368
4459189,0.0015259021896696368
4469318,0.0015259021896696368
4479052,0.0015259021896696368
4489205,0.0015259021896696368
4499330,0.0015259021896696368
4509293,0.0015259021896696368
4519184,0.0015259021896696368
4539080,0.0015259021896696368
4529316,0.0015259021896696368
4549192,0.0015259021896696368
4559324,0.0015259021896696368
4569320,0.0015259021896696368
4579183,0.0015259021896696368
4589315,0.0015259021896696368
4609187,0.0015259021896696368
4599214,0.0015259021896696368
4629312,0.0015259021896696368
4619317,0.0015259021896696368
4639191,0.0015259021896696368
4649310,0.0015259021896696368
4659082,0.0015259021896696368
4669195,0.0015259021896696368
4679313,0.0015259021896696368
4689320,0.0015259021896696368
4699182,0.0015259021896696368
4709313,0.0015259021896696368
4719076,0.0015259021896696368
4729174,0.0015259021896696368
4739321,0.0015259021896696368
4749328,0.0015259021896696368
4769318,0.0015259021896696368
4759290,0.0015259021896696368
4779071,0.0015259021896696368
4789219,0.0015259021896696368
4799310,0.0015259021896696368
4809311,0.0015259021896696368
4819342,0.0015259021896696368
4829316,0.0015259021896696368
4839076,0.0015259021896696368
4849210,0.0015259021896696368
4859316,0.0015259021896696368
4869320,0.0015259021896696368
4879211,0.0015259021896696368
4889301,0.0015259021896696368
4899076,0.0015259021896696368
4909201,0.0015259021896696368
4929311,0.0015259021896696368
4919309,0.0015259021896696368
4939215,0.0015259021896696368
4949302,0.0015259021896696368
4959078,0.0015259021896696368
4969223,0.0015259021896696368
4979309,0.0015259021896696368
4999200,0.0015259021896696368
4989307,0.0015259021896696368
5009298,0.0015259021896696368
5019072,0.0015259021896696368
5039338,0.0015259021896696368
5029200,0.0015259021896696368
5049308,0.0015259021896696368
5059204,0.0015259021896696368
5069329,0.0015259021896696368
5079062,0.0015259021896696368
5089204,0.0015259021896696368
5099328,0.0015259021896696368
5109307,0.0015259021896696368
5119199,0.0015259021896696368
5139066,0.0015259021896696368
5129323,0.0015259021896696368
5149196,0.0015259021896696368
5159332,0.0015259021896696368
5169302,0.0015259021896696368
5179199,0.0015259021896696368
5189324,0.0015259021896696368
5199058,0.0015259021896696368
5209201,0.0015259021896696368
5229308,0.0015259021896696368
5219334,0.0015259021896696368
5239194,0.0015259021896696368
5269203,0.0015259021896696368
5249320,0.0015259021896696368
5259071,0.0015259021896696368
5279332,0.0015259021896696368
5299189,0.0015259021896696368
5289326,0.0015259021896696368
5309336,0.0015259021896696368
5319086,0.0015259021896696368
5329199,0.0015259021896696368
5339326,0.0015259021896696368
5349332,0.0015259021896696368
5359194,0.0015259021896696368
5369316,0.0015259021896696368
5379090,0.0015259021896696368
5389201,0.0015259021896696368
5399323,0.0015259021896696368
5409318,0.0015259021896696368
5419188,0.0015259021896696368
5429318,0.0015259021896696368
5439093,0.0015259021896696368
5449193,0.0015259021896696368
5459329,0.0015259021896696368
5469354,0.0015259021896696368
5479185,0.0015259021896696368
5489314,0.0015259021896696368
5499082,0.0015259021896696368
5509189,0.0015259021896696368
5519317,0.0015259021896696368
5529348,0.0015259021896696368
5539213,0.0015259021896696368
5549314,0.0015259021896696368
5559081,0.0015259021896696368
5569245,0.0015259021896696368
5579362,0.0015259021896696368
5589319,0.0015259021896696368
5599210,0.0015259021896696368
5609315,0.0015259021896696368
5619080,0.0015259021896696368
5629224,0.0015259021896696368
5639317,0.0015259021896696368
5649309,0.0015259021896696368
5659209,0.0015259021896696368
5669310,0.0015259021896696368
5679074,0.0015259021896696368
5689225,0.0015259021896696368
5699319,0.0015259021896696368
5709323,0.0015259021896696368
5719210,0.0015259021896696368
5729309,0.0015259021896696368
5749211,0.0015259021896696368
5739073,0.0015259021896696368
5759310,0.0015259021896696368
5769321,0.0015259021896696368
5779207,0.0015259021896696368
5789338,0.0015259021896696368
5799078,0.0015259021896696368
5809214,0.0015259021896696368
5829314,0.0015259021896696368
5819344,0.0015259021896696368
5839206,0.0015259021896696368
5859071,0.0015259021896696368
5849336,0.0015259021896696368
5869209,0.0015259021896696368
5879346,0.0015259021896696368
5889311,0.0015259021896696368
5899206,0.0015259021896696368
5909327,0.0015259021896696368
5929210,0.0015259021896696368
5919069,0.0015259021896696368
5939349,0.0015259021896696368
5949312,0.0015259021896696368
5959204,0.0015259021896696368
5979068,0.0015259021896696368
5969329,0.0015259021896696368
5989208,0.0015259021896696368
5999338,0.0015259021896696368
6009313,0.0015259021896696368
6019196,0.0015259021896696368
6029332,0.0015259021896696368
6039099,0.0015259021896696368
6049199,0.0015259021896696368
6059336,0.0015259021896696368
6069329,0.0015259021896696368
6079198,0.0015259021896696368
6089323,0.0015259021896696368
6099093,0.0015259021896696368
6109206,0.0015259021896696368
6119340,0.0015259021896696368
6129329,0.0015259021896696368
6139198,0.0015259021896696368
6149332,0.0015259021896696368
6159089,0.0015259021896696368
6179329,0.0015259021896696368
6169198,0.0015259021896696368
6189330,0.0015259021896696368
6199195,0.0015259021896696368
6209327,0.0015259021896696368
6219087,0.0015259021896696368
6229199,0.0015259021896696368
6259193,0.0015259021896696368
6239337,0.0015259021896696368
6249329,0.0015259021896696368
6269326,0.0015259021896696368
6279091,0.0015259021896696368
6289223,0.0015259021896696368
6299332,0.0015259021896696368
6309322,0.0015259021896696368
6319218,0.0015259021896696368
6329319,0.0015259021896696368
6339088,0.0015259021896696368
6349226,0.0015259021896696368
6359328,0.0015259021896696368
6369332,0.0015259021896696368
6379219,0.0015259021896696368
6389323,0.0015259021896696368
6399085,0.0015259021896696368
6409225,0.0015259021896696368
6419316,0.0015259021896696368
6429323,0.0015259021896696368
6439219,0.0015259021896696368
6449315,0.0015259021896696368
6459086,0.0015259021896696368
6469227,0.0015259021896696368
6489318,0.0015259021896696368
6479329,0.0015259021896696368
6499215,0.0015259021896696368
6509317,0.0015259021896696368
6519086,0.0015259021896696368
6529214,0.0015259021896696368
6539348,0.0015259021896696368
6549312,0.0015259021896696368
6559219,0.0015259021896696368
6569343,0.0015259021896696368
6579085,0.0015259021896696368
6589213,0.0015259021896696368
6599352,0.0015259021896696368
6609317,0.0015259021896696368
6619214,0.0015259021896696368
6649213,0.0015259021896696368
6629342,0.0015259021896696368
6639076,0.0015259021896696368
6659341,0.0015259021896696368
6669315,0.0015259021896696368
6679331,0.0015259021896696368
6689341,0.0015259021896696368
6699077,0.0015259021896696368
6709211,0.0015259021896696368
6719347,0.0015259021896696368
6729320,0.0015259021896696368
6739213,0.0015259021896696368
6749333,0.0015259021896696368
6759072,0.0015259021896696368
6769208,0.0015259021896696368
6779351,0.0015259021896696368
6799206,0.0015259021896696368
6789339,0.0015259021896696368
6809332,0.0015259021896696368
6829205,0.0015259021896696368
6839340,0.0015259021896696368
6819101,0.0015259021896696368
6849350,0.0015259021896696368
6859225,0.0015259021896696368
6869334,0.0015259021896696368
6879100,0.0015259021896696368
6889209,0.0015259021896696368
6899342,0.0015259021896696368
6909339,0.0015259021896696368
6919197,0.0015259021896696368
6929329,0.0015259021896696368
6939098,0.0015259021896696368
6949210,0.0015259021896696368
6959330,0.0015259021896696368
6969328,0.0015259021896696368
6979197,0.0015259021896696368
6989326,0.0015259021896696368
6999100,0.0015259021896696368
7019341,0.0015259021896696368
7009203,0.0015259021896696368
7029325,0.0015259021896696368
7039231,0.0015259021896696368
7049331,0.0015259021896696368
7069239,0.0015259021896696368
7059091,0.0015259021896696368
7079330,0.0015259021896696368
7089324,0.0015259021896696368
7099225,0.0015259021896696368
7109322,0.0015259021896696368
7129223,0.0015259021896696368
7119089,0.0015259021896696368
7149339,0.0015259021896696368
7139328,0.0015259021896696368
7159359,0.0015259021896696368
7179091,0.0015259021896696368
7169336,0.0015259021896696368
7189240,0.0015259021896696368
7199330,0.0015259021896696368
7219221,0.0015259021896696368
7209325,0.0015259021896696368
7239090,0.0015259021896696368
7229320,0.0015259021896696368
7259322,0.0015259021896696368
7249225,0.0015259021896696368
7269317,0.0015259021896696368
7279218,0.0015259021896696368
7289348,0.0015259021896696368
7299084,0.0015259021896696368
7309227,0.0015259021896696368
7319361,0.0015259021896696368
7329316,0.0015259021896696368
7339222,0.0015259021896696368
7349344,0.0015259021896696368
7359087,0.0015259021896696368
7369218,0.0015259021896696368
7379358,0.0015259021896696368
7389324,0.0015259021896696368
7399216,0.0015259021896696368
7409387,0.0015259021896696368
7419083,0.0015259021896696368
7429213,0.0015259021896696368
7439349,0.0015259021896696368
7449319,0.0015259021896696368
7459218,0.0015259021896696368
7469342,0.0015259021896696368
7479084,0.0015259021896696368
7489216,0.0015259021896696368
7499346,0.0015259021896696368
7509324,0.0015259021896696368
7519220,0.0015259021896696368
7529345,0.0015259021896696368
7539107,0.0015259021896696368
7559355,0.0015259021896696368
7549214,0.0015259021896696368
7569339,0.0015259021896696368
7579214,0.0015259021896696368
7589338,0.0015259021896696368
7629344,0.0015259021896696368
7609214,0.0015259021896696368
7599102,0.0015259021896696368
7619343,0.0015259021896696368
7639206,0.0015259021896696368
7649341,0.0015259021896696368
7659103,0.0015259021896696368
7669211,0.0015259021896696368
7699208,0.0015259021896696368
7679342,0.0015259021896696368
7689336,0.0015259021896696368
7709340,0.0015259021896696368
7729205,0.0015259021896696368
7719102,0.0015259021896696368
7749340,0.0015259021896696368
7739339,0.0015259021896696368
7759202,0.0015259021896696368
7769340,0.0015259021896696368
7779103,0.0015259021896696368
7789238,0.0015259021896696368
7799342,0.0015259021896696368
7819232,0.0015259021896696368
7809344,0.0015259021896696368
7829330,0.0015259021896696368
7839101,0.0015259021896696368
7849227,0.0015259021896696368
7859336,0.0015259021896696368
7869331,0.0015259021896696368
7879230,0.0015259021896696368
7889334,0.0015259021896696368
7899102,0.0015259021896696368
7909225,0.0015259021896696368
7919338,0.0015259021896696368
7929333,0.0015259021896696368
7939233,0.0015259021896696368
7949333,0.0015259021896696368
7959098,0.0015259021896696368
7969234,0.0015259021896696368
7999230,0.0015259021896696368
7979337,0.0015259021896696368
7989326,0.0015259021896696368
8009331,0.0015259021896696368
8019092,0.0015259021896696368
8039356,0.0015259021896696368
8029231,0.0015259021896696368
8049338,0.0015259021896696368
8059243,0.0015259021896696368
8069354,0.0015259021896696368
8079093,0.0015259021896696368
8089212,0.0015259021896696368
8099356,0.0015259021896696368
8109333,0.0015259021896696368
8119222,0.0015259021896696368
8129355,0.0015259021896696368
8139090,0.0015259021896696368
8149225,0.0015259021896696368
8159357,0.0015259021896696368
8169329,0.0015259021896696368
8179221,0.0015259021896696368
8209229,0.0015259021896696368
8199096,0.0015259021896696368
8189352,0.0015259021896696368
8219352,0.0015259021896696368
8229326,0.0015259021896696368
8239222,0.0015259021896696368
8249354,0.0015259021896696368
8259079,0.0015259021896696368
8279353,0.0015259021896696368
8269228,0.0015259021896696368
8289352,0.0015259021896696368
8299237,0.0015259021896696368
8309352,0.0015259021896696368
8319120,0.0015259021896696368
8329221,0.0015259021896696368
8339348,0.0015259021896696368
8349356,0.0015259021896696368
8359215,0.0015259021896696368
8369344,0.0015259021896696368
8379131,0.0015259021896696368
8389204,0.0015259021896696368
8399345,0.0015259021896696368
8409358,0.0015259021896696368
8419217,0.0015259021896696368
8429344,0.0015259021896696368
8439109,0.0015259021896696368
8449221,0.0015259021896696368
8459351,0.0015259021896696368
8469354,0.0015259021896696368
8479228,0.0015259021896696368
8489339,0.0015259021896696368
8499107,0.0015259021896696368
8509337,0.0015259021896696368
8519367,0.0015259021896696368
8529364,0.0015259021896696368
8539238,0.0015259021896696368
8549337,0.0015259021896696368
8569248,0.0015259021896696368
8559121,0.0015259021896696368
8579350,0.0015259021896696368
8589354,0.0015259021896696368
8599227,0.0015259021896696368
8609339,0.0015259021896696368
8619120,0.0015259021896696368
8629251,0.0015259021896696368
8639348,0.0015259021896696368
8649353,0.0015259021896696368
8659351,0.0015259021896696368
8669348,0.0015259021896696368
8679104,0.0015259021896696368
8689248,0.0015259021896696368
8699331,0.0015259021896696368
8709362,0.0015259021896696368
8719231,0.0015259021896696368
8729352,0.0015259021896696368
8739116,0.0015259021896696368
8749223,0.0015259021896696368
8759340,0.0015259021896696368
8769418,0.0015259021896696368
8779225,0.0015259021896696368
8789369,0.0015259021896696368
8799104,0.0015259021896696368
8809238,0.0015259021896696368
8819363,0.0015259021896696368
8829343,0.0015259021896696368
8839246,0.0015259021896696368
8849361,0.0015259021896696368
8859109,0.0015259021896696368
8869217,0.0015259021896696368
8879377,0.0015259021896696368
8889334,0.0015259021896696368
8899218,0.0015259021896696368
8909357,0.0015259021896696368
8919098,0.0015259021896696368
8929239,0.0015259021896696368
8939363,0.0015259021896696368
8949334,0.0015259021896696368
8959221,0.0015259021896696368
8969355,0.0015259021896696368
8979084,0.0015259021896696368
8999362,0.0015259021896696368
8989233,0.0015259021896696368
9009338,0.0015259021896696368
9019216,0.0015259021896696368
9039125,0.0015259021896696368
9029357,0.0015259021896696368
9049214,0.0015259021896696368
9059357,0.0015259021896696368
9069362,0.0015259021896696368
9089352,0.0015259021896696368
9079217,0.0015259021896696368
9099117,0.0015259021896696368
9109223,0.0015259021896696368
9119354,0.0015259021896696368
9139222,0.0015259021896696368
9129360,0.0015259021896696368
9149358,0.0015259021896696368
9159113,0.0015259021896696368
9169214,0.0015259021896696368
9189356,0.0015259021896696368
9179351,0.0015259021896696368
9199211,0.0015259021896696368
9209351,0.0015259021896696368
9219112,0.0015259021896696368
9229225,0.0015259021896696368
9239358,0.0015259021896696368
9249355,0.0015259021896696368
9259205,0.0015259021896696368
9269346,0.0015259021896696368
9279112,0.0015259021896696368
9289251,0.0015259021896696368
9299350,0.0015259021896696368
9309349,0.0015259021896696368
9319264,0.0015259021896696368
9329341,0.0015259021896696368
9339127,0.0015259021896696368
9349250,0.0015259021896696368
9359352,0.0015259021896696368
9369351,0.0015259021896696368
9379250,0.0015259021896696368
9389349,0.0015259021896696368
9409249,0.0015259021896696368
9399105,0.0015259021896696368
9419345,0.0015259021896696368
9429349,0.0015259021896696368
9439233,0.0015259021896696368
9449339,0.0015259021896696368
9459097,0.0015259021896696368
9469244,0.0015259021896696368
9479347,0.0015259021896696368
9489343,0.0015259021896696368
9499233,0.0015259021896696368
9519099,0.0015259021896696368
9509344,0.0015259021896696368
9529250,0.0015259021896696368
9539372,0.0015259021896696368
9549349,0.0015259021896696368
9559229,0.0015259021896696368
9569372,0.0015259021896696368
9579102,0.0015259021896696368
9589232,0.0015259021896696368
9599369,0.0015259021896696368
9609353,0.0015259021896696368
9619244,0.0015259021896696368
9629366,0.0015259021896696368
9649244,0.0015259021896696368
9639103,0.0015259021896696368
9659370,0.0015259021896696368
9669348,0.0015259021896696368
9679248,0.0015259021896696368
9689367,0.0015259021896696368
9699101,0.0015259021896696368
9709228,0.0015259021896696368
9719366,0.0015259021896696368
9729340,0.0015259021896696368
9739244,0.0015259021896696368
9749360,0.0015259021896696368
9759114,0.0015259021896696368
9769224,0.0015259021896696368
9779367,0.0015259021896696368
9789370,0.0015259021896696368
9799221,0.0015259021896696368
9809358,0.0015259021896696368
9819121,0.0015259021896696368
9829240,0.0015259021896696368
9839367,0.0015259021896696368
9849367,0.0015259021896696368
9859220,0.0015259021896696368
9869365,0.0015259021896696368
9879118,0.0015259021896696368
9889230,0.0015259021896696368
9899363,0.0015259021896696368
9909370,0.0015259021896696368
9919240,0.0015259021896696368
9929360,0.0015259021896696368
9939114,0.0015259021896696368
9959356,0.0015259021896696368
9949212,0.0015259021896696368
9969362,0.0015259021896696368
9979236,0.0015259021896696368
9989361,0.0015259021896696368
9999117,0.0015259021896696368
10009214,0.0015259021896696368
10019356,0.0015259021896696368
10029359,0.0015259021896696368
10039271,0.0015259021896696368
10049352,0.0015259021896696368
10059116,0.0015259021896696368
10069240,0.0015259021896696368
10079354,0.0015259021896696368
10089364,0.0015259021896696368
10109350,0.0015259021896696368
10099246,0.0015259021896696368
10119110,0.0015259021896696368
10129243,0.0015259021896696368
10139354,0.0015259021896696368
10149360,0.0015259021896696368
10159245,0.0015259021896696368
10179129,0.0015259021896696368
10169346,0.0015259021896696368
10189256,0.0015259021896696368
10199568,0.0015259021896696368
10209456,0.0015259021896696368
10219440,0.0015259021896696368
10239412,0.0015259021896696368
10229541,0.0015259021896696368
10249503,0.0015259021896696368
10259429,0.0015259021896696368
10270514,0.0015259021896696368
10279380,0.0015259021896696368
10289371,0.0015259021896696368
10299101,0.0015259021896696368
10319380,0.0015259021896696368
10309278,0.0015259021896696368
10329353,0.0015259021896696368
10339254,0.0015259021896696368
10379375,0.0015259021896696368
10349369,0.0015259021896696368
10359126,0.0015259021896696368
10369237,0.0015259021896696368
10389355,0.0015259021896696368
10399239,0.0015259021896696368
10409388,0.0015259021896696368
10419104,0.0015259021896696368
10429254,0.0015259021896696368
10439376,0.0015259021896696368
10449352,0.0015259021896696368
10459239,0.0015259021896696368
10469366,0.0015259021896696368
10479101,0.0015259021896696368
10489248,0.0015259021896696368
10499376,0.0015259021896696368
10509343,0.0015259021896696368
10529370,0.0015259021896696368
10519232,0.0015259021896696368
10549249,0.0015259021896696368
10539139,0.0015259021896696368
10559370,0.0015259021896696368
10569375,0.0015259021896696368
10589369,0.0015259021896696368
10579236,0.0015259021896696368
10599134,0.0015259021896696368
10609246,0.0015259021896696368
10629378,0.0015259021896696368
10619367,0.0015259021896696368
10639236,0.0015259021896696368
10649365,0.0015259021896696368
10659124,0.0015259021896696368
10669236,0.0015259021896696368
10679362,0.0015259021896696368
10689375,0.0015259021896696368
10699239,0.0015259021896696368
10709391,0.0015259021896696368
10719123,0.0015259021896696368
10729236,0.0015259021896696368
10739366,0.0015259021896696368
10749379,0.0015259021896696368
10759235,0.0015259021896696368
10769362,0.0015259021896696368
10779116,0.0015259021896696368
10789266,0.0015259021896696368
10799361,0.0015259021896696368
10819260,0.0015259021896696368
10809364,0.0015259021896696368
10829358,0.0015259021896696368
10839127,0.0015259021896696368
10849265,0.0015259021896696368
10859356,0.0015259021896696368
10869367,0.0015259021896696368
10879253,0.0015259021896696368
10889356,0.0015259021896696368
10899123,0.0015259021896696368
10909267,0.0015259021896696368
10919358,0.0015259021896696368
10929361,0.0015259021896696368
10949354,0.0015259021896696368
10939251,0.0015259021896696368
10959119,0.0015259021896696368
10969262,0.0015259021896696368
10979355,0.0015259021896696368
10989360,0.0015259021896696368
10999250,0.0015259021896696368
11009353,0.0015259021896696368
11019133,0.0015259021896696368
11029245,0.0015259021896696368
11049360,0.0015259021896696368
11059257,0.0015259021896696368
11039386,0.0015259021896696368
11069381,0.0015259021896696368
11079253,0.0015259021896696368
11089254,0.0015259021896696368
11099388,0.0015259021896696368
11109359,0.0015259021896696368
11119248,0.0015259021896696368
11129378,0.0015259021896696368
11139111,0.0015259021896696368
11149252,0.0015259021896696368
11159387,0.0015259021896696368
11169362,0.0015259021896696368
11179239,0.0015259021896696368
11189379,0.0015259021896696368
11199113,0.0015259021896696368
11209262,0.0015259021896696368
11219377,0.0015259021896696368
11229354,0.0015259021896696368
11249379,0.0015259021896696368
11239239,0.0015259021896696368
11259120,0.0015259021896696368
11279381,0.0015259021896696368
11289383,0.0015259021896696368
11269231,0.0015259021896696368
11299245,0.0015259021896696368
11309376,0.0015259021896696368
11319141,0.0015259021896696368
11329230,0.0015259021896696368
11339373,0.0015259021896696368
11349382,0.0015259021896696368
11359243,0.0015259021896696368
11369372,0.0015259021896696368
11379130,0.0015259021896696368
11389227,0.0015259021896696368
11399371,0.0015259021896696368
11409382,0.0015259021896696368
11419240,0.0015259021896696368
11429369,0.0015259021896696368
11439139,0.0015259021896696368
11449244,0.0015259021896696368
11459377,0.0015259021896696368
11469377,0.0015259021896696368
11479242,0.0015259021896696368
11489370,0.0015259021896696368
11499143,0.0015259021896696368
11509241,0.0015259021896696368
11529370,0.0015259021896696368
11519377,0.0015259021896696368
11539265,0.0015259021896696368
11549362,0.0015259021896696368
11569270,0.0015259021896696368
11559130,0.0015259021896696368
11579371,0.0015259021896696368
11589372,0.0015259021896696368
11599269,0.0015259021896696368
11609362,0.0015259021896696368
11619132,0.0015259021896696368
11629269,0.0015259021896696368
11649371,0.0015259021896696368
11639376,0.0015259021896696368
11659259,0.0015259021896696368
11669362,0.0015259021896696368
11679139,0.0015259021896696368
11689264,0.0015259021896696368
11699363,0.0015259021896696368
11709363,0.0015259021896696368
11719257,0.0015259021896696368
11739127,0.0015259021896696368
11729361,0.0015259021896696368
11749248,0.0015259021896696368
11769366,0.0015259021896696368
11759357,0.0015259021896696368
11779255,0.0015259021896696368
11789387,0.0015259021896696368
11799114,0.0015259021896696368
11809390,0.0015259021896696368
11819393,0.0015259021896696368
11829370,0.0015259021896696368
11839265,0.0015259021896696368
11849391,0.0015259021896696368
11859126,0.0015259021896696368
11869262,0.0015259021896696368
11879392,0.0015259021896696368
11889360,0.0015259021896696368
11899259,0.0015259021896696368
11909389,0.0015259021896696368
11919113,0.0015259021896696368
11929267,0.0015259021896696368
11939389,0.0015259021896696368
11949364,0.0015259021896696368
11959246,0.0015259021896696368
11969377,0.0015259021896696368
11979114,0.0015259021896696368
11989261,0.0015259021896696368
11999395,0.0015259021896696368
12009357,0.0015259021896696368
12019247,0.0015259021896696368
12029387,0.0015259021896696368
12039143,0.0015259021896696368
12059392,0.0015259021896696368
12049257,0.0015259021896696368
12069392,0.0015259021896696368
12079241,0.0015259021896696368
12089375,0.0015259021896696368
12099141,0.0015259021896696368
12109238,0.0015259021896696368
12119385,0.0015259021896696368
12129390,0.0015259021896696368
12139246,0.0015259021896696368
12159153,0.0015259021896696368
12149379,0.0015259021896696368
12179386,0.0015259021896696368
12169256,0.0015259021896696368
12189382,0.0015259021896696368
12199239,0.0015259021896696368
12219138,0.0015259021896696368
12209372,0.0015259021896696368
12229256,0.0015259021896696368
12239381,0.0015259021896696368
12249383,0.0015259021896696368
12259237,0.0015259021896696368
12269378,0.0015259021896696368
12279142,0.0015259021896696368
12289262,0.0015259021896696368
12299374,0.0015259021896696368
12309381,0.0015259021896696368
12329375,0.0015259021896696368
12319269,0.0015259021896696368
12339141,0.0015259021896696368
12349265,0.0015259021896696368
12359377,0.0015259021896696368
12369379,0.0015259021896696368
12379273,0.0015259021896696368
12389365,0.0015259021896696368
12399124,0.0015259021896696368
12419372,0.0015259021896696368
12409262,0.0015259021896696368
12429376,0.0015259021896696368
12439262,0.0015259021896696368
12449370,0.0015259021896696368
12469259,0.0015259021896696368
12459125,0.0015259021896696368
12479372,0.0015259021896696368
12489378,0.0015259021896696368
12499263,0.0015259021896696368
12509370,0.0015259021896696368
12519125,0.0015259021896696368
12529278,0.0015259021896696368
12539403,0.0015259021896696368
12549379,0.0015259021896696368
12559266,0.0015259021896696368
12589263,0.0015259021896696368
12579118,0.0015259021896696368
12569391,0.0015259021896696368
12599398,0.0015259021896696368
12619250,0.0015259021896696368
12609376,0.0015259021896696368
12639121,0.0015259021896696368
12629392,0.0015259021896696368
12649258,0.0015259021896696368
12659401,0.0015259021896696368
12669377,0.0015259021896696368
12679250,0.0015259021896696368
12689387,0.0015259021896696368
12699125,0.0015259021896696368
12719394,0.0015259021896696368
12709258,0.0015259021896696368
12729367,0.0015259021896696368
12739253,0.0015259021896696368
12749388,0.0015259021896696368
12759121,0.0015259021896696368
12769275,0.0015259021896696368
12789396,0.0015259021896696368
12779393,0.0015259021896696368
12799248,0.0015259021896696368
12819170,0.0015259021896696368
12809393,0.0015259021896696368
12829259,0.0015259021896696368
12839397,0.0015259021896696368
12849389,0.0015259021896696368
12859244,0.0015259021896696368
12869380,0.0015259021896696368
12879155,0.0015259021896696368
12889256,0.0015259021896696368
12899393,0.0015259021896696368
12909392,0.0015259021896696368
12929381,0.0015259021896696368
12919542,0.0015259021896696368
12939137,0.0015259021896696368
12949515,0.0015259021896696368
12959398,0.0015259021896696368
12969391,0.0015259021896696368
12989379,0.0015259021896696368
12979243,0.0015259021896696368
12999141,0.0015259021896696368
13009261,0.0015259021896696368
13019379,0.0015259021896696368
13029386,0.0015259021896696368
13039279,0.0015259021896696368
13049383,0.0015259021896696368
13079380,0.0015259021896696368
13069280,0.0015259021896696368
13059147,0.0015259021896696368
13089379,0.0015259021896696368
13099280,0.0015259021896696368
13119145,0.0015259021896696368
13109376,0.0015259021896696368
13129281,0.0015259021896696368
13139390,0.0015259021896696368
13149376,0.0015259021896696368
13159278,0.0015259021896696368
13179131,0.0015259021896696368
13189286,0.0015259021896696368
13169373,0.0015259021896696368
13199379,0.0015259021896696368
13209386,0.0015259021896696368
13219287,0.0015259021896696368
13229381,0.0015259021896696368
13239143,0.0015259021896696368
13249276,0.0015259021896696368
13259374,0.0015259021896696368
13269379,0.0015259021896696368
13279403,0.0015259021896696368
13289406,0.0015259021896696368
13299136,0.0015259021896696368
13309292,0.0015259021896696368
13319400,0.0015259021896696368
13329378,0.0015259021896696368
13349402,0.0015259021896696368
13339258,0.0015259021896696368
13359132,0.0015259021896696368
13369265,0.0015259021896696368
13379408,0.0015259021896696368
13389372,0.0015259021896696368
13399271,0.0015259021896696368
13409397,0.0015259021896696368
13419127,0.0015259021896696368
13429260,0.0015259021896696368
13439401,0.0015259021896696368
13449372,0.0015259021896696368
13459272,0.0015259021896696368
13469398,0.0015259021896696368
13489269,0.0015259021896696368
13479141,0.0015259021896696368
13499394,0.0015259021896696368
13509369,0.0015259021896696368
13519256,0.0015259021896696368
13529397,0.0015259021896696368
13539150,0.0015259021896696368
13549268,0.0015259021896696368
13559399,0.0015259021896696368
13569402,0.0015259021896696368
13589396,0.0015259021896696368
13599159,0.0015259021896696368
13579261,0.0015259021896696368
13619398,0.0015259021896696368
13609263,0.0015259021896696368
13629401,0.0015259021896696368
13639261,0.0015259021896696368
13649391,0.0015259021896696368
13659173,0.0015259021896696368
13679393,0.0015259021896696368
13669254,0.0015259021896696368
13689396,0.0015259021896696368
13699250,0.0015259021896696368
13719170,0.0015259021896696368
13709389,0.0015259021896696368
13729247,0.0015259021896696368
13739395,0.0015259021896696368
13749404,0.0015259021896696368
13759267,0.0015259021896696368
13769385,0.0015259021896696368
13779163,0.0015259021896696368
13789288,0.0015259021896696368
13799392,0.0015259021896696368
13809397,0.0015259021896696368
13819278,0.0015259021896696368
13829385,0.0015259021896696368
13839150,0.0015259021896696368
13859389,0.0015259021896696368
13849270,0.0015259021896696368
13869396,0.0015259021896696368
13879286,0.0015259021896696368
13889382,0.0015259021896696368
13899144,0.0015259021896696368
13909273,0.0015259021896696368
13919384,0.0015259021896696368
13939276,0.0015259021896696368
13929388,0.0015259021896696368
13949380,0.0015259021896696368
13959149,0.0015259021896696368
13969271,0.0015259021896696368
13979379,0.0015259021896696368
13989394,0.0015259021896696368
13999283,0.0015259021896696368
14009383,0.0015259021896696368
14019150,0.0015259021896696368
14029291,0.0015259021896696368
14039409,0.0015259021896696368
14049386,0.0015259021896696368
14059281,0.0015259021896696368
14079159,0.0015259021896696368
14069407,0.0015259021896696368
14089268,0.0015259021896696368
14099412,0.0015259021896696368
14109385,0.0015259021896696368
14129411,0.0015259021896696368
14139138,0.0015259021896696368
14119270,0.0015259021896696368
14149283,0.0015259021896696368
14159404,0.0015259021896696368
14169380,0.0015259021896696368
14179277,0.0015259021896696368
14189406,0.0015259021896696368
14199149,0.0015259021896696368
14209276,0.0015259021896696368
14219411,0.0015259021896696368
14229378,0.0015259021896696368
14239258,0.0015259021896696368
14249402,0.0015259021896696368
14259139,0.0015259021896696368
14279406,0.0015259021896696368
14269254,0.0015259021896696368
14289399,0.0015259021896696368
14299260,0.0015259021896696368
14309402,0.0015259021896696368
14319177,0.0015259021896696368
14329265,0.0015259021896696368
14339399,0.0015259021896696368
14349409,0.0015259021896696368
14359284,0.0015259021896696368
14369396,0.0015259021896696368
14379162,0.0015259021896696368
14389257,0.0015259021896696368
14399395,0.0015259021896696368
14409404,0.0015259021896696368
14429395,0.0015259021896696368
14439159,0.0015259021896696368
14419250,0.0015259021896696368
14449261,0.0015259021896696368
14459396,0.0015259021896696368
14469402,0.0015259021896696368
14479257,0.0015259021896696368
14489394,0.0015259021896696368
14499155,0.0015259021896696368
14509268,0.0015259021896696368
14529404,0.0015259021896696368
14519400,0.0015259021896696368
14539296,0.0015259021896696368
14549389,0.0015259021896696368
14559155,0.0015259021896696368
14569276,0.0015259021896696368
14579400,0.0015259021896696368
14589397,0.0015259021896696368
14599287,0.0015259021896696368
14609394,0.0015259021896696368
14619164,0.0015259021896696368
14629299,0.0015259021896696368
14639396,0.0015259021896696368
14649400,0.0015259021896696368
14659283,0.0015259021896696368
14669389,0.0015259021896696368
14679158,0.0015259021896696368
14689272,0.0015259021896696368
14709395,0.0015259021896696368
14699392,0.0015259021896696368
14719285,0.0015259021896696368
14729386,0.0015259021896696368
14739148,0.0015259021896696368
14749283,0.0015259021896696368
14759383,0.0015259021896696368
14769396,0.0015259021896696368
14779274,0.0015259021896696368
14789416,0.0015259021896696368
14799142,0.0015259021896696368
14809294,0.0015259021896696368
14829395,0.0015259021896696368
14819427,0.0015259021896696368
14839277,0.0015259021896696368
14849410,0.0015259021896696368
14859140,0.0015259021896696368
14869288,0.0015259021896696368
14879417,0.0015259021896696368
14889389,0.0015259021896696368
14899282,0.0015259021896696368
14909411,0.0015259021896696368
14919146,0.0015259021896696368
14929296,0.0015259021896696368
14949391,0.0015259021896696368
14939412,0.0015259021896696368
14959267,0.0015259021896696368
14979141,0.0015259021896696368
14969411,0.0015259021896696368
14989289,0.0015259021896696368
15019282,0.0015259021896696368
14999415,0.0015259021896696368
15009387,0.0015259021896696368
15039162,0.0015259021896696368
15029406,0.0015259021896696368
15049281,0.0015259021896696368
15059405,0.0015259021896696368
15069422,0.0015259021896696368
15079264,0.0015259021896696368
15089406,0.0015259021896696368
15099163,0.0015259021896696368
15109398,0.0015259021896696368
15119406,0.0015259021896696368
15129412,0.0015259021896696368
15139271,0.0015259021896696368
15149403,0.0015259021896696368
15169279,0.0015259021896696368
15159161,0.0015259021896696368
15179403,0.0015259021896696368
15189414,0.0015259021896696368
15199270,0.0015259021896696368
15209404,0.0015259021896696368
15219159,0.0015259021896696368
15229259,0.0015259021896696368
15239400,0.0015259021896696368
15249400,0.0015259021896696368
15259267,0.0015259021896696368
15269397,0.0015259021896696368
15279156,0.0015259021896696368
15289300,0.0015259021896696368
15299408,0.0015259021896696368
15319294,0.0015259021896696368
15309408,0.0015259021896696368
15329395,0.0015259021896696368
15339161,0.0015259021896696368
15349300,0.0015259021896696368
15359393,0.0015259021896696368
15369405,0.0015259021896696368
15389393,0.0015259021896696368
15379293,0.0015259021896696368
15399152,0.0015259021896696368
15419403,0.0015259021896696368
15409282,0.0015259021896696368
15429404,0.0015259021896696368
15439290,0.0015259021896696368
15449388,0.0015259021896696368
15469303,0.0015259021896696368
15479398,0.0015259021896696368
15459155,0.0015259021896696368
15489397,0.0015259021896696368
15499289,0.0015259021896696368
15509393,0.0015259021896696368
15519156,0.0015259021896696368
15529284,0.0015259021896696368
15539431,0.0015259021896696368
15549395,0.0015259021896696368
15559292,0.0015259021896696368
15569418,0.0015259021896696368
15579155,0.0015259021896696368
15599422,0.0015259021896696368
15589298,0.0015259021896696368
15609399,0.0015259021896696368
15619301,0.0015259021896696368
15639144,0.0015259021896696368
15629416,0.0015259021896696368
15649282,0.0015259021896696368
15659416,0.0015259021896696368
15669400,0.0015259021896696368
15679279,0.0015259021896696368
15689413,0.0015259021896696368
15699146,0.0015259021896696368
15709290,0.0015259021896696368
15719429,0.0015259021896696368
15739278,0.0015259021896696368
15729391,0.0015259021896696368
15749412,0.0015259021896696368
15759145,0.0015259021896696368
15769294,0.0015259021896696368
15779418,0.0015259021896696368
15789422,0.0015259021896696368
15799273,0.0015259021896696368
15809409,0.0015259021896696368
15819179,0.0015259021896696368
15829282,0.0015259021896696368
15839417,0.0015259021896696368
15849421,0.0015259021896696368
15869410,0.0015259021896696368
15859277,0.0015259021896696368
15879172,0.0015259021896696368
15889280,0.0015259021896696368
15919267,0.0015259021896696368
15899407,0.0015259021896696368
15909415,0.0015259021896696368
15939163,0.0015259021896696368
15929409,0.0015259021896696368
15949262,0.0015259021896696368
15959409,0.0015259021896696368
15969418,0.0015259021896696368
15979268,0.0015259021896696368
15989407,0.0015259021896696368
15999167,0.0015259021896696368
16009276,0.0015259021896696368
16019410,0.0015259021896696368
16029410,0.0015259021896696368
16039303,0.0015259021896696368
16059159,0.0015259021896696368
16049401,0.0015259021896696368
16069309,0.0015259021896696368
16079407,0.0015259021896696368
16089404,0.0015259021896696368
16099298,0.0015259021896696368
16119163,0.0015259021896696368
16109402,0.0015259021896696368
16129306,0.0015259021896696368
16209405,0.0015259021896696368
16219302,0.0015259021896696368
16229405,0.0015259021896696368
16239153,0.0015259021896696368
16249297,0.0015259021896696368
16199408,0.0015259021896696368
16259375,0.0015259021896696368
16269410,0.0015259021896696368
16279430,0.0015259021896696368
16289446,0.0015259021896696368
16299171,0.0015259021896696368
16309314,0.0015259021896696368
16319444,0.0015259021896696368
16329396,0.0015259021896696368
16339285,0.0015259021896696368
16349445,0.0015259021896696368
16359153,0.0015259021896696368
16369413,0.0015259021896696368
16379444,0.0015259021896696368
16389417,0.0015259021896696368
16399279,0.0015259021896696368
16409441,0.0015259021896696368
16419271,0.0015259021896696368
16429397,0.0015259021896696368
16439504,0.0015259021896696368
16449407,0.0015259021896696368
16459277,0.0015259021896696368
16469440,0.0015259021896696368
16479271,0.0015259021896696368
16489414,0.0015259021896696368
16499428,0.0015259021896696368
16509405,0.0015259021896696368
16519279,0.0015259021896696368
16529421,0.0015259021896696368
16539300,0.0015259021896696368
16549321,0.0015259021896696368
16559416,0.0015259021896696368
16569452,0.0015259021896696368
16579400,0.0015259021896696368
16589422,0.0015259021896696368
16599179,0.0015259021896696368
16609293,0.0015259021896696368
16619423,0.0015259021896696368
16629465,0.0015259021896696368
16639403,0.0015259021896696368
16649431,0.0015259021896696368
16659180,0.0015259021896696368
16669427,0.0015259021896696368
16679431,0.0015259021896696368
16689459,0.0015259021896696368
16699420,0.0015259021896696368
16709486,0.0015259021896696368
16719288,0.0015259021896696368
16729307,0.0015259021896696368
16739486,0.0015259021896696368
16749426,0.0015259021896696368
16759275,0.0015259021896696368
16769456,0.0015259021896696368
16779289,0.0015259021896696368
16789349,0.0015259021896696368
16799421,0.0015259021896696368
16809458,0.0015259021896696368
16819305,0.0015259021896696368
16829414,0.0015259021896696368
16839198,0.0015259021896696368
16849316,0.0015259021896696368
16859417,0.0015259021896696368
16869425,0.0015259021896696368
16879431,0.0015259021896696368
16889411,0.0015259021896696368
16899184,0.0015259021896696368
16909310,0.0015259021896696368
16919473,0.0015259021896696368
16929430,0.0015259021896696368
16939305,0.0015259021896696368
16949404,0.0015259021896696368
16969299,0.0015259021896696368
16959170,0.0015259021896696368
16979467,0.0015259021896696368
16989444,0.0015259021896696368
16999299,0.0015259021896696368
17009450,0.0015259021896696368
17019282,0.0015259021896696368
17029342,0.0015259021896696368
17039445,0.0015259021896696368
17049444,0.0015259021896696368
17059297,0.0015259021896696368
17069444,0.0015259021896696368
17079167,0.0015259021896696368
17089317,0.0015259021896696368
17099451,0.0015259021896696368
17109445,0.0015259021896696368
17119294,0.0015259021896696368
17129458,0.0015259021896696368
17139284,0.0015259021896696368
17149332,0.0015259021896696368
17159473,0.0015259021896696368
17169470,0.0015259021896696368
17179417,0.0015259021896696368
17189494,0.0015259021896696368
17199274,0.0015259021896696368
17209458,0.0015259021896696368
17219445,0.0015259021896696368
17229430,0.0015259021896696368
17239424,0.0015259021896696368
17249493,0.0015259021896696368
17259410,0.0015259021896696368
17269300,0.0015259021896696368
17279440,0.0015259021896696368
17289467,0.0015259021896696368
17299423,0.0015259021896696368
17309540,0.0015259021896696368
17319436,0.0015259021896696368
17329288,0.0015259021896696368
17339437,0.0015259021896696368
17349455,0.0015259021896696368
17359407,0.0015259021896696368
17369428,0.0015259021896696368
17379428,0.0015259021896696368
17389306,0.0015259021896696368
17399434,0.0015259021896696368
17409484,0.0015259021896696368
17419287,0.0015259021896696368
17429428,0.0015259021896696368
17439184,0.0015259021896696368
17449289,0.0015259021896696368
17459444,0.0015259021896696368
17469446,0.0015259021896696368
17479411,0.0015259021896696368
17489423,0.0015259021896696368
17499299,0.0015259021896696368
17509421,0.0015259021896696368
17519433,0.0015259021896696368
17529456,0.0015259021896696368
17539441,0.0015259021896696368
17549425,0.0015259021896696368
17559174,0.0015259021896696368
17569311,0.0015259021896696368
17579430,0.0015259021896696368
17589454,0.0015259021896696368
17599448,0.0015259021896696368
17609471,0.0015259021896696368
17619309,0.0015259021896696368
17629469,0.0015259021896696368
17639483,0.0015259021896696368
17649469,0.0015259021896696368
17659435,0.0015259021896696368
17669424,0.0015259021896696368
17679312,0.0015259021896696368
17689444,0.0015259021896696368
17699432,0.0015259021896696368
17709446,0.0015259021896696368
17719307,0.0015259021896696368
17729429,0.0015259021896696368
17739418,0.0015259021896696368
17749442,0.0015259021896696368
17759414,0.0015259021896696368
17769445,0.0015259021896696368
17779303,0.0015259021896696368
17789458,0.0015259021896696368
17799175,0.0015259021896696368
17809442,0.0015259021896696368
17819460,0.0015259021896696368
17829455,0.0015259021896696368
17839423,0.0015259021896696368
17849445,0.0015259021896696368
17859162,0.0015259021896696368
17869429,0.0015259021896696368
17879455,0.0015259021896696368
17889422,0.0015259021896696368
17899296,0.0015259021896696368
17909477,0.0015259021896696368
17919164,0.0015259021896696368
17929325,0.0015259021896696368
17939455,0.0015259021896696368
17949422,0.0015259021896696368
17959443,0.0015259021896696368
17969425,0.0015259021896696368
17979166,0.0015259021896696368
17989330,0.0015259021896696368
17999438,0.0015259021896696368
18009420,0.0015259021896696368
18019294,0.0015259021896696368
18029457,0.0015259021896696368
18039191,0.0015259021896696368
18049417,0.0015259021896696368
18059443,0.0015259021896696368
18069466,0.0015259021896696368
18079290,0.0015259021896696368
18089444,0.0015259021896696368
18099201,0.0015259021896696368
18109417,0.0015259021896696368
18119449,0.0015259021896696368
18129461,0.0015259021896696368
18139295,0.0015259021896696368
18149429,0.0015259021896696368
18159310,0.0015259021896696368
18169391,0.0015259021896696368
18179506,0.0015259021896696368
18189502,0.0015259021896696368
18199300,0.0015259021896696368
18209444,0.0015259021896696368
18219194,0.0015259021896696368
18229305,0.0015259021896696368
18239446,0.0015259021896696368
18249447,0.0015259021896696368
18259422,0.0015259021896696368
18269443,0.0015259021896696368
18279431,0.0015259021896696368
18289422,0.0015259021896696368
18299439,0.0015259021896696368
18309459,0.0015259021896696368
18319442,0.0015259021896696368
18329444,0.0015259021896696368
18339312,0.0015259021896696368
18349336,0.0015259021896696368
18359424,0.0015259021896696368
18369456,0.0015259021896696368
18379317,0.0015259021896696368
18389424,0.0015259021896696368
18399294,0.0015259021896696368
18409423,0.0015259021896696368
18419489,0.0015259021896696368
18429424,0.0015259021896696368
18439318,0.0015259021896696368
18449449,0.0015259021896696368
18459177,0.0015259021896696368
18469448,0.0015259021896696368
18479432,0.0015259021896696368
18489441,0.0015259021896696368
18499431,0.0015259021896696368
18509445,0.0015259021896696368
18519220,0.0015259021896696368
18529355,0.0015259021896696368
18539462,0.0015259021896696368
18549443,0.0015259021896696368
18559439,0.0015259021896696368
18569501,0.0015259021896696368
18579178,0.0015259021896696368
18589350,0.0015259021896696368
18599460,0.0015259021896696368
18609452,0.0015259021896696368
18619304,0.0015259021896696368
18629462,0.0015259021896696368
18639194,0.0015259021896696368
18649331,0.0015259021896696368
18659466,0.0015259021896696368
18669441,0.0015259021896696368
18679417,0.0015259021896696368
18689487,0.0015259021896696368
18699179,0.0015259021896696368
18709298,0.0015259021896696368
18719460,0.0015259021896696368
18729444,0.0015259021896696368
18739292,0.0015259021896696368
18749492,0.0015259021896696368
18759164,0.0015259021896696368
18769443,0.0015259021896696368
18779494,0.0015259021896696368
18789488,0.0015259021896696368
18799429,0.0015259021896696368
18809444,0.0015259021896696368
18819192,0.0015259021896696368
18829354,0.0015259021896696368
18839514,0.0015259021896696368
18849455,0.0015259021896696368
18859314,0.0015259021896696368
18869441,0.0015259021896696368
18879192,0.0015259021896696368
18889457,0.0015259021896696368
18899471,0.0015259021896696368
18909487,0.0015259021896696368
18919433,0.0015259021896696368
18929486,0.0015259021896696368
18939195,0.0015259021896696368
18949339,0.0015259021896696368
18959448,0.0015259021896696368
18969455,0.0015259021896696368
18979420,0.0015259021896696368
18989447,0.0015259021896696368
18999189,0.0015259021896696368
19009320,0.0015259021896696368
19019481,0.0015259021896696368
19029456,0.0015259021896696368
19039447,0.0015259021896696368
19049447,0.0015259021896696368
19059211,0.0015259021896696368
19069338,0.0015259021896696368
19079444,0.0015259021896696368
19089470,0.0015259021896696368
19099323,0.0015259021896696368
19109440,0.0015259021896696368
19119185,0.0015259021896696368
19129318,0.0015259021896696368
19139469,0.0015259021896696368
19149459,0.0015259021896696368
19159315,0.0015259021896696368
19169452,0.0015259021896696368
19179191,0.0015259021896696368
19189321,0.0015259021896696368
19199443,0.0015259021896696368
19209463,0.0015259021896696368
19219436,0.0015259021896696368
19229423,0.0015259021896696368
19239305,0.0015259021896696368
19249479,0.0015259021896696368
19259498,0.0015259021896696368
19269462,0.0015259021896696368
19279498,0.0015259021896696368
19289472,0.0015259021896696368
19299192,0.0015259021896696368
19309312,0.0015259021896696368
19319491,0.0015259021896696368
19329426,0.0015259021896696368
19339474,0.0015259021896696368
19349479,0.0015259021896696368
19359428,0.0015259021896696368
19369362,0.0015259021896696368
19379464,0.0015259021896696368
19389440,0.0015259021896696368
19399306,0.0015259021896696368
19409470,0.0015259021896696368
19419428,0.0015259021896696368
19429328,0.0015259021896696368
19439507,0.0015259021896696368
19449421,0.0015259021896696368
19459445,0.0015259021896696368
19469471,0.0015259021896696368
19479200,0.0015259021896696368
19489319,0.0015259021896696368
19499463,0.0015259021896696368
19509427,0.0015259021896696368
19519304,0.0015259021896696368
19530815,0.0015259021896696368
19539217,0.0015259021896696368
19549363,0.0015259021896696368
19559455,0.0015259021896696368
19569478,0.0015259021896696368
19579315,0.0015259021896696368
19589468,0.0015259021896696368
19599205,0.0015259021896696368
19609452,0.0015259021896696368
19619533,0.0015259021896696368
19629471,0.0015259021896696368
19639430,0.0015259021896696368
19649502,0.0015259021896696368
19659315,0.0015259021896696368
19669343,0.0015259021896696368
19679462,0.0015259021896696368
19689470,0.0015259021896696368
19699445,0.0015259021896696368
19709498,0.0015259021896696368
19719244,0.0015259021896696368
19729442,0.0015259021896696368
19739528,0.0015259021896696368
19749531,0.0015259021896696368
19759456,0.0015259021896696368
19769453,0.0015259021896696368
19779314,0.0015259021896696368
19789443,0.0015259021896696368
19799498,0.0015259021896696368
19809465,0.0015259021896696368
19819329,0.0015259021896696368
19829444,0.0015259021896696368
19839201,0.0015259021896696368
19849386,0.0015259021896696368
19859455,0.0015259021896696368
19869454,0.0015259021896696368
19879330,0.0015259021896696368
19889503,0.0015259021896696368
19899307,0.0015259021896696368
19909443,0.0015259021896696368
19919499,0.0015259021896696368
19929498,0.0015259021896696368
19939474,0.0015259021896696368
19949446,0.0015259021896696368
19959303,0.0015259021896696368
19969452,0.0015259021896696368
19979520,0.0015259021896696368
19989455,0.0015259021896696368
19999313,0.0015259021896696368
20009470,0.0015259021896696368
20019311,0.0015259021896696368
20029452,0.0015259021896696368
20039540,0.0015259021896696368
20049456,0.0015259021896696368
20059445,0.0015259021896696368
20069481,0.0015259021896696368
20079463,0.0015259021896696368
20089447,0.0015259021896696368
20099524,0.0015259021896696368
20109456,0.0015259021896696368
20119446,0.0015259021896696368
20129470,0.0015259021896696368
20139198,0.0015259021896696368
20149320,0.0015259021896696368
20159471,0.0015259021896696368
20169441,0.0015259021896696368
20179485,0.0015259021896696368
20189461,0.0015259021896696368
20199209,0.0015259021896696368
20209452,0.0015259021896696368
20219540,0.0015259021896696368
20229466,0.0015259021896696368
20239475,0.0015259021896696368
20249491,0.0015259021896696368
20259296,0.0015259021896696368
20269450,0.0015259021896696368
20279532,0.0015259021896696368
20289475,0.0015259021896696368
20299310,0.0015259021896696368
20309479,0.0015259021896696368
20319261,0.0015259021896696368
20329453,0.0015259021896696368
20339471,0.0015259021896696368
20349459,0.0015259021896696368
20359447,0.0015259021896696368
20369488,0.0015259021896696368
20379320,0.0015259021896696368
20389444,0.0015259021896696368
20399512,0.0015259021896696368
20409544,0.0015259021896696368
20419437,0.0015259021896696368
20429541,0.0015259021896696368
20439443,0.0015259021896696368
20449323,0.0015259021896696368
20459505,0.0015259021896696368
20469494,0.0015259021896696368
20479464,0.0015259021896696368
20489452,0.0015259021896696368
20499316,0.0015259021896696368
20509416,0.0015259021896696368
20519466,0.0015259021896696368
20529475,0.0015259021896696368
20539454,0.0015259021896696368
20549469,0.0015259021896696368
20559204,0.0015259021896696368
20569341,0.0015259021896696368
20579469,0.0015259021896696368
20589452,0.0015259021896696368
20599467,0.0015259021896696368
20609453,0.0015259021896696368
20619317,0.0015259021896696368
20629476,0.0015259021896696368
20639458,0.0015259021896696368
20649456,0.0015259021896696368
20659328,0.0015259021896696368
20669519,0.0015259021896696368
20679494,0.0015259021896696368
20689357,0.0015259021896696368
20699456,0.0015259021896696368
20709498,0.0015259021896696368
20719463,0.0015259021896696368
20729461,0.0015259021896696368
20739312,0.0015259021896696368
20749337,0.0015259021896696368
20759455,0.0015259021896696368
20769488,0.0015259021896696368
20779338,0.0015259021896696368
20789476,0.0015259021896696368
20799209,0.0015259021896696368
20809450,0.0015259021896696368
20819482,0.0015259021896696368
20829476,0.0015259021896696368
20839326,0.0015259021896696368
20849507,0.0015259021896696368
20859188,0.0015259021896696368
20869379,0.0015259021896696368
20879547,0.0015259021896696368
20889457,0.0015259021896696368
20899318,0.0015259021896696368
20909470,0.0015259021896696368
20919240,0.0015259021896696368
20929472,0.0015259021896696368
20939534,0.0015259021896696368
20949451,0.0015259021896696368
20959503,0.0015259021896696368
20969508,0.0015259021896696368
20979309,0.0015259021896696368
20989465,0.0015259021896696368
20999524,0.0015259021896696368
21009430,0.0015259021896696368
21019331,0.0015259021896696368
21029510,0.0015259021896696368
21039219,0.0015259021896696368
21049327,0.0015259021896696368
21059480,0.0015259021896696368
21069494,0.0015259021896696368
21079518,0.0015259021896696368
21089465,0.0015259021896696368
21099323,0.0015259021896696368
21109449,0.0015259021896696368
21119543,0.0015259021896696368
21129521,0.0015259021896696368
21139444,0.0015259021896696368
21149485,0.0015259021896696368
21159327,0.0015259021896696368
21169451,0.0015259021896696368
21179475,0.0015259021896696368
21189462,0.0015259021896696368
21199441,0.0015259021896696368
21209472,0.0015259021896696368
21219308,0.0015259021896696368
21229363,0.0015259021896696368
21239532,0.0015259021896696368
21249517,0.0015259021896696368
21259452,0.0015259021896696368
21269457,0.0015259021896696368
21279324,0.0015259021896696368
21289454,0.0015259021896696368
21299474,0.0015259021896696368
21309466,0.0015259021896696368
21319481,0.0015259021896696368
21329456,0.0015259021896696368
21339319,0.0015259021896696368
21349368,0.0015259021896696368
21359495,0.0015259021896696368
21369468,0.0015259021896696368
21379522,0.0015259021896696368
21389455,0.0015259021896696368
21399235,0.0015259021896696368
21409479,0.0015259021896696368
21419463,0.0015259021896696368
21429487,0.0015259021896696368
21439333,0.0015259021896696368
21449497,0.0015259021896696368
21459253,0.0015259021896696368
21469358,0.0015259021896696368
21479520,0.0015259021896696368
21489517,0.0015259021896696368
21499335,0.0015259021896696368
21509446,0.0015259021896696368
21519202,0.0015259021896696368
21529391,0.0015259021896696368
21539476,0.0015259021896696368
21549547,0.0015259021896696368
21559503,0.0015259021896696368
21569504,0.0015259021896696368
21579224,0.0015259021896696368
21589381,0.0015259021896696368
21599472,0.0015259021896696368
21609437,0.0015259021896696368
21619451,0.0015259021896696368
21629491,0.0015259021896696368
21639462,0.0015259021896696368
21649326,0.0015259021896696368
21659471,0.0015259021896696368
21669184,0.0015259021896696368
21679464,0.0015259021896696368
21689475,0.0015259021896696368
21699191,0.0015259021896696368
21709443,0.0015259021896696368
21719513,0.0015259021896696368
21729191,0.0015259021896696368
21739482,0.0015259021896696368
21749486,0.0015259021896696368
21759193,0.0015259021896696368
21769335,0.0015259021896696368
21779518,0.0015259021896696368
21789469,0.0015259021896696368
21799485,0.0015259021896696368
21809482,0.0015259021896696368
21819313,0.0015259021896696368
21829321,0.0015259021896696368
21839487,0.0015259021896696368
21849215,0.0015259021896696368
21859311,0.0015259021896696368
21869525,0.0015259021896696368
21879514,0.0015259021896696368
21889462,0.0015259021896696368
21899476,0.0015259021896696368
21909260,0.0015259021896696368
21919450,0.0015259021896696368
21929556,0.0015259021896696368
21939309,0.0015259021896696368
21949465,0.0015259021896696368
21959467,0.0015259021896696368
21969256,0.0015259021896696368
21979442,0.0015259021896696368
21989476,0.0015259021896696368
21999246,0.0015259021896696368
22009315,0.0015259021896696368
22019513,0.0015259021896696368
22029209,0.0015259021896696368
22039478,0.0015259021896696368
22049558,0.0015259021896696368
22059218,0.0015259021896696368
22069349,0.0015259021896696368
22079469,0.0015259021896696368
22089257,0.0015259021896696368
22099342,0.0015259021896696368
22109470,0.0015259021896696368
22119213,0.0015259021896696368
22129360,0.0015259021896696368
22139481,0.0015259021896696368
22149214,0.0015259021896696368
22159474,0.0015259021896696368
22169461,0.0015259021896696368
22179209,0.0015259021896696368
22189339,0.0015259021896696368
22199472,0.0015259021896696368
22209208,0.0015259021896696368
22219476,0.0015259021896696368
22229465,0.0015259021896696368
22239436,0.0015259021896696368
22249474,0.0015259021896696368
22259467,0.0015259021896696368
22269202,0.0015259021896696368
22279473,0.0015259021896696368
22289495,0.0015259021896696368
22299199,0.0015259021896696368
22309467,0.0015259021896696368
22319505,0.0015259021896696368
22329206,0.0015259021896696368
22339468,0.0015259021896696368
22349479,0.0015259021896696368
22359435,0.0015259021896696368
22369476,0.0015259021896696368
22379531,0.0015259021896696368
22389252,0.0015259021896696368
22399336,0.0015259021896696368
22409480,0.0015259021896696368
22419210,0.0015259021896696368
22429332,0.0015259021896696368
22439505,0.0015259021896696368
22449194,0.0015259021896696368
22459459,0.0015259021896696368
22469504,0.0015259021896696368
22479433,0.0015259021896696368
22489339,0.0015259021896696368
22499480,0.0015259021896696368
22509200,0.0015259021896696368
22519337,0.0015259021896696368
22529515,0.0015259021896696368
22539207,0.0015259021896696368
22549455,0.0015259021896696368
22559344,0.0015259021896696368
22569212,0.0015259021896696368
22579329,0.0015259021896696368
22589471,0.0015259021896696368
22599216,0.0015259021896696368
22609457,0.0015259021896696368
22619369,0.0015259021896696368
22629201,0.0015259021896696368
22639324,0.0015259021896696368
22649493,0.0015259021896696368
22659215,0.0015259021896696368
22669461,0.0015259021896696368
22679508,0.0015259021896696368
22689200,0.0015259021896696368
22699322,0.0015259021896696368
22709488,0.0015259021896696368
22719213,0.0015259021896696368
22729460,0.0015259021896696368
22739390,0.0015259021896696368
22749211,0.0015259021896696368
22759325,0.0015259021896696368
22769515,0.0015259021896696368
22779206,0.0015259021896696368
22789521,0.0015259021896696368
22799335,0.0015259021896696368
22809207,0.0015259021896696368
22819354,0.0015259021896696368
22829475,0.0015259021896696368
22839197,0.0015259021896696368
22849518,0.0015259021896696368
22859459,0.0015259021896696368
22869531,0.0015259021896696368
22879366,0.0015259021896696368
22889464,0.0015259021896696368
22899217,0.0015259021896696368
22909522,0.0015259021896696368
22919373,0.0015259021896696368
22929205,0.0015259021896696368
22939503,0.0015259021896696368
22949458,0.0015259021896696368
22959196,0.0015259021896696368
22969487,0.0015259021896696368
22979371,0.0015259021896696368
22989199,0.0015259021896696368
22999347,0.0015259021896696368
23009491,0.0015259021896696368
23019203,0.0015259021896696368
23029535,0.0015259021896696368
23039403,0.0015259021896696368
23049205,0.0015259021896696368
23059516,0.0015259021896696368
23069512,0.0015259021896696368
23079198,0.0015259021896696368
23089491,0.0015259021896696368
23099359,0.0015259021896696368
23109188,0.0015259021896696368
23119448,0.0015259021896696368
23129486,0.0015259021896696368
23139206,0.0015259021896696368
23149557,0.0015259021896696368
23159478,0.0015259021896696368
23169190,0.0015259021896696368
23179334,0.0015259021896696368
23189482,0.0015259021896696368
23199200,0.0015259021896696368
23209504,0.0015259021896696368
23219410,0.0015259021896696368
23229182,0.0015259021896696368
23239342,0.0015259021896696368
23249510,0.0015259021896696368
23259190,0.0015259021896696368
23269490,0.0015259021896696368
23279476,0.0015259021896696368
23289210,0.0015259021896696368
23299449,0.0015259021896696368
23309526,0.0015259021896696368
23319213,0.0015259021896696368
23329465,0.0015259021896696368
23339376,0.0015259021896696368
23349243,0.0015259021896696368
23359337,0.0015259021896696368
23369475,0.0015259021896696368
23379221,0.0015259021896696368
23389525,0.0015259021896696368
23399499,0.0015259021896696368
23409207,0.0015259021896696368
23419327,0.0015259021896696368
23429472,0.0015259021896696368
23439224,0.0015259021896696368
23449479,0.0015259021896696368
23459511,0.0015259021896696368
23469235,0.0015259021896696368
23479465,0.0015259021896696368
23489525,0.0015259021896696368
23499217,0.0015259021896696368
23509524,0.0015259021896696368
23519468,0.0015259021896696368
23529474,0.0015259021896696368
23539357,0.0015259021896696368
23549472,0.0015259021896696368
23559213,0.0015259021896696368
23569513,0.0015259021896696368
23579475,0.0015259021896696368
23589207,0.0015259021896696368
23599522,0.0015259021896696368
23609477,0.0015259021896696368
23619210,0.0015259021896696368
23629494,0.0015259021896696368
23639363,0.0015259021896696368
23649200,0.0015259021896696368
23659352,0.0015259021896696368
23669475,0.0015259021896696368
23679206,0.0015259021896696368
23689511,0.0015259021896696368
23699479,0.0015259021896696368
23709210,0.0015259021896696368
23719494,0.0015259021896696368
23729517,0.0015259021896696368
23739200,0.0015259021896696368
23749523,0.0015259021896696368
23759380,0.0015259021896696368
23769197,0.0015259021896696368
23779339,0.0015259021896696368
23789506,0.0015259021896696368
23799208,0.0015259021896696368
23809500,0.0015259021896696368
23819486,0.0015259021896696368
23829204,0.0015259021896696368
23839348,0.0015259021896696368
23849504,0.0015259021896696368
23859206,0.0015259021896696368
23869492,0.0015259021896696368
23879493,0.0015259021896696368
23889200,0.0015259021896696368
23899345,0.0015259021896696368
23909498,0.0015259021896696368
23919204,0.0015259021896696368
23929498,0.0015259021896696368
23939477,0.0015259021896696368
23949197,0.0015259021896696368
23959347,0.0015259021896696368
23969497,0.0015259021896696368
23979200,0.0015259021896696368
23989515,0.0015259021896696368
23999503,0.0015259021896696368
24009247,0.0015259021896696368
24019469,0.0015259021896696368
24029522,0.0015259021896696368
24039219,0.0015259021896696368
24049517,0.0015259021896696368
24059479,0.0015259021896696368
24069219,0.0015259021896696368
24079348,0.0015259021896696368
24089491,0.0015259021896696368
24099229,0.0015259021896696368
24109502,0.0015259021896696368
24119416,0.0015259021896696368
24129224,0.0015259021896696368
24139472,0.0015259021896696368
24149501,0.0015259021896696368
24159213,0.0015259021896696368
24169498,0.0015259021896696368
24179410,0.0015259021896696368
24189223,0.0015259021896696368
24199343,0.0015259021896696368
24209491,0.0015259021896696368
24219212,0.0015259021896696368
24229476,0.0015259021896696368
24239467,0.0015259021896696368
24249356,0.0015259021896696368
24259468,0.0015259021896696368
24269497,0.0015259021896696368
24279222,0.0015259021896696368
24289502,0.0015259021896696368
24299385,0.0015259021896696368
24309206,0.0015259021896696368
24319516,0.0015259021896696368
24329494,0.0015259021896696368
24339221,0.0015259021896696368
24349566,0.0015259021896696368
24359478,0.0015259021896696368
24369225,0.0015259021896696368
24379375,0.0015259021896696368
24389469,0.0015259021896696368
24399215,0.0015259021896696368
24409496,0.0015259021896696368
24419506,0.0015259021896696368
24429206,0.0015259021896696368
24439364,0.0015259021896696368
24449506,0.0015259021896696368
24459209,0.0015259021896696368
24469552,0.0015259021896696368
24479343,0.0015259021896696368
24489217,0.0015259021896696368
24499488,0.0015259021896696368
24509483,0.0015259021896696368
24519202,0.0015259021896696368
24529484,0.0015259021896696368
24539404,0.0015259021896696368
24549219,0.0015259021896696368
24559366,0.0015259021896696368
24569512,0.0015259021896696368
24579202,0.0015259021896696368
24589531,0.0015259021896696368
24599500,0.0015259021896696368
24609216,0.0015259021896696368
24619349,0.0015259021896696368
24629491,0.0015259021896696368
24639200,0.0015259021896696368
24649520,0.0015259021896696368
24659394,0.0015259021896696368
24669200,0.0015259021896696368
24679353,0.0015259021896696368
24689527,0.0015259021896696368
24699199,0.0015259021896696368
24709487,0.0015259021896696368
24719403,0.0015259021896696368
24729191,0.0015259021896696368
24739479,0.0015259021896696368
24749535,0.0015259021896696368
24759195,0.0015259021896696368
24769496,0.0015259021896696368
24779388,0.0015259021896696368
24789224,0.0015259021896696368
24799344,0.0015259021896696368
24809506,0.0015259021896696368
24819228,0.0015259021896696368
24829478,0.0015259021896696368
24839384,0.0015259021896696368
24849230,0.0015259021896696368
24859501,0.0015259021896696368
24869538,0.0015259021896696368
24879238,0.0015259021896696368
24889547,0.0015259021896696368
24899494,0.0015259021896696368
24909227,0.0015259021896696368
24919357,0.0015259021896696368
24929487,0.0015259021896696368
24939224,0.0015259021896696368
24949489,0.0015259021896696368
24959373,0.0015259021896696368
24969224,0.0015259021896696368
24979342,0.0015259021896696368
24989501,0.0015259021896696368
24999220,0.0015259021896696368
25009479,0.0015259021896696368
25019409,0.0015259021896696368
25029229,0.0015259021896696368
25039363,0.0015259021896696368
25049486,0.0015259021896696368
25059227,0.0015259021896696368
25069539,0.0015259021896696368
25079404,0.0015259021896696368
25089220,0.0015259021896696368
25099367,0.0015259021896696368
25109487,0.0015259021896696368
25119222,0.0015259021896696368
25129498,0.0015259021896696368
25139486,0.0015259021896696368
25149215,0.0015259021896696368
25159503,0.0015259021896696368
25169476,0.0015259021896696368
25179228,0.0015259021896696368
25189521,0.0015259021896696368
25199489,0.0015259021896696368
25209214,0.0015259021896696368
25219485,0.0015259021896696368
25229476,0.0015259021896696368
25239212,0.0015259021896696368
25249524,0.0015259021896696368
25259363,0.0015259021896696368
25269211,0.0015259021896696368
25279487,0.0015259021896696368
25289505,0.0015259021896696368
25299206,0.0015259021896696368
25309518,0.0015259021896696368
25319438,0.0015259021896696368
25329207,0.0015259021896696368
25339356,0.0015259021896696368
25349602,0.0015259021896696368
25359210,0.0015259021896696368
25369500,0.0015259021896696368
25379402,0.0015259021896696368
25389208,0.0015259021896696368
25399530,0.0015259021896696368
25409565,0.0015259021896696368
25419205,0.0015259021896696368
25429519,0.0015259021896696368
25439530,0.0015259021896696368
25449206,0.0015259021896696368
25459357,0.0015259021896696368
25469501,0.0015259021896696368
25479201,0.0015259021896696368
25489523,0.0015259021896696368
25499511,0.0015259021896696368
25509208,0.0015259021896696368
25519368,0.0015259021896696368
25529494,0.0015259021896696368
25539235,0.0015259021896696368
25549494,0.0015259021896696368
25559529,0.0015259021896696368
25569233,0.0015259021896696368
25579357,0.0015259021896696368
25589573,0.0015259021896696368
25599235,0.0015259021896696368
25609540,0.0015259021896696368
25619401,0.0015259021896696368
25629232,0.0015259021896696368
25639352,0.0015259021896696368
25649510,0.0015259021896696368
25659240,0.0015259021896696368
25669544,0.0015259021896696368
25679529,0.0015259021896696368
25689244,0.0015259021896696368
25699346,0.0015259021896696368
25709502,0.0015259021896696368
25719233,0.0015259021896696368
25729493,0.0015259021896696368
25739492,0.0015259021896696368
25749300,0.0015259021896696368
25759352,0.0015259021896696368
25769497,0.0015259021896696368
25779221,0.0015259021896696368
25789529,0.0015259021896696368
25799487,0.0015259021896696368
25809222,0.0015259021896696368
25819390,0.0015259021896696368
25829494,0.0015259021896696368
25839223,0.0015259021896696368
25849538,0.0015259021896696368
25859390,0.0015259021896696368
25869219,0.0015259021896696368
25879377,0.0015259021896696368
25889508,0.0015259021896696368
25899217,0.0015259021896696368
25909494,0.0015259021896696368
25919521,0.0015259021896696368
25929220,0.0015259021896696368
25939382,0.0015259021896696368
25949510,0.0015259021896696368
25959219,0.0015259021896696368
25969517,0.0015259021896696368
25979403,0.0015259021896696368
25989211,0.0015259021896696368
25999383,0.0015259021896696368
26009510,0.0015259021896696368
26019217,0.0015259021896696368
26029523,0.0015259021896696368
26039394,0.0015259021896696368
26049228,0.0015259021896696368
26059380,0.0015259021896696368
26069505,0.0015259021896696368
26079216,0.0015259021896696368
26089521,0.0015259021896696368
26099415,0.0015259021896696368
26109227,0.0015259021896696368
26119364,0.0015259021896696368
26129519,0.0015259021896696368
26139214,0.0015259021896696368
26149536,0.0015259021896696368
26159431,0.0015259021896696368
26169216,0.0015259021896696368
26179472,0.0015259021896696368
26189500,0.0015259021896696368
26199213,0.0015259021896696368
26209527,0.0015259021896696368
26219505,0.0015259021896696368
26229208,0.0015259021896696368
26239503,0.0015259021896696368
26249507,0.0015259021896696368
26259208,0.0015259021896696368
26269520,0.0015259021896696368
26279478,0.0015259021896696368
26289252,0.0015259021896696368
26299504,0.0015259021896696368
26309498,0.0015259021896696368
26319240,0.0015259021896696368
26329514,0.0015259021896696368
26339484,0.0015259021896696368
26349233,0.0015259021896696368
26359474,0.0015259021896696368
26369506,0.0015259021896696368
26379241,0.0015259021896696368
26389499,0.0015259021896696368
26399374,0.0015259021896696368
26409237,0.0015259021896696368
26419356,0.0015259021896696368
26429529,0.0015259021896696368
26439235,0.0015259021896696368
26449503,0.0015259021896696368
26459359,0.0015259021896696368
26469239,0.0015259021896696368
26479357,0.0015259021896696368
26489499,0.0015259021896696368
26499244,0.0015259021896696368
26509499,0.0015259021896696368
26519527,0.0015259021896696368
26529229,0.0015259021896696368
26539511,0.0015259021896696368
26549495,0.0015259021896696368
26559238,0.0015259021896696368
26569507,0.0015259021896696368
26579505,0.0015259021896696368
26589228,0.0015259021896696368
26599376,0.0015259021896696368
26609524,0.0015259021896696368
26619229,0.0015259021896696368
26629520,0.0015259021896696368
26639415,0.0015259021896696368
26649223,0.0015259021896696368
26659374,0.0015259021896696368
26669499,0.0015259021896696368
26679224,0.0015259021896696368
26689540,0.0015259021896696368
26699373,0.0015259021896696368
26709224,0.0015259021896696368
26719375,0.0015259021896696368
26729496,0.0015259021896696368
26739224,0.0015259021896696368
26749548,0.0015259021896696368
26759507,0.0015259021896696368
26769239,0.0015259021896696368
26779498,0.0015259021896696368
26789528,0.0015259021896696368
26799219,0.0015259021896696368
26809508,0.0015259021896696368
26819546,0.0015259021896696368
26829216,0.0015259021896696368
26839526,0.0015259021896696368
26849706,0.0015259021896696368
26859226,0.0015259021896696368
26869575,0.0015259021896696368
26879513,0.0015259021896696368
26889223,0.0015259021896696368
26899367,0.0015259021896696368
26909571,0.0015259021896696368
26919221,0.0015259021896696368
26929523,0.0015259021896696368
26939378,0.0015259021896696368
26949223,0.0015259021896696368
26959367,0.0015259021896696368
26969509,0.0015259021896696368
26979221,0.0015259021896696368
26989512,0.0015259021896696368
26999394,0.0015259021896696368
27009212,0.0015259021896696368
27019366,0.0015259021896696368
27029505,0.0015259021896696368
27039246,0.0015259021896696368
27049540,0.0015259021896696368
27059389,0.0015259021896696368
27069493,0.0015259021896696368
27079515,0.0015259021896696368
27089564,0.0015259021896696368
27099248,0.0015259021896696368
27109508,0.0015259021896696368
27119430,0.0015259021896696368
27129239,0.0015259021896696368
27139360,0.0015259021896696368
27149502,0.0015259021896696368
27159254,0.0015259021896696368
27169538,0.0015259021896696368
27179380,0.0015259021896696368
27189244,0.0015259021896696368
27199361,0.0015259021896696368
27209500,0.0015259021896696368
27219249,0.0015259021896696368
27229495,0.0015259021896696368
27239413,0.0015259021896696368
27249242,0.0015259021896696368
27259507,0.0015259021896696368
27269506,0.0015259021896696368
27279361,0.0015259021896696368
27289525,0.0015259021896696368
27299504,0.0015259021896696368
27309239,0.0015259021896696368
27319519,0.0015259021896696368
27329506,0.0015259021896696368
27339237,0.0015259021896696368
27349562,0.0015259021896696368
27359417,0.0015259021896696368
27369236,0.0015259021896696368
27379380,0.0015259021896696368
27389504,0.0015259021896696368
27399237,0.0015259021896696368
27409517,0.0015259021896696368
27419427,0.0015259021896696368
27429227,0.0015259021896696368
27439503,0.0015259021896696368
27449501,0.0015259021896696368
27459226,0.0015259021896696368
27469516,0.0015259021896696368
27479481,0.0015259021896696368
27489233,0.0015259021896696368
27499392,0.0015259021896696368
27509656,0.0015259021896696368
27519398,0.0015259021896696368
27529653,0.0015259021896696368
27539390,0.0015259021896696368
27549229,0.0015259021896696368
27559513,0.0015259021896696368
27569552,0.0015259021896696368
27579229,0.0015259021896696368
27589542,0.0015259021896696368
27599532,0.0015259021896696368
27609228,0.0015259021896696368
27619383,0.0015259021896696368
27629521,0.0015259021896696368
27639222,0.0015259021896696368
27649576,0.0015259021896696368
27659549,0.0015259021896696368
27669224,0.0015259021896696368
27679407,0.0015259021896696368
27689549,0.0015259021896696368
27699224,0.0015259021896696368
27709527,0.0015259021896696368
27719443,0.0015259021896696368
27729219,0.0015259021896696368
27739507,0.0015259021896696368
27749524,0.0015259021896696368
27759218,0.0015259021896696368
27769507,0.0015259021896696368
27779440,0.0015259021896696368
27789252,0.0015259021896696368
27799385,0.0015259021896696368
27809555,0.0015259021896696368
27819272,0.0015259021896696368
27829501,0.0015259021896696368
27839425,0.0015259021896696368
27849281,0.0015259021896696368
27859381,0.0015259021896696368
27869526,0.0015259021896696368
27879317,0.0015259021896696368
27889537,0.0015259021896696368
27899395,0.0015259021896696368
27909276,0.0015259021896696368
27919397,0.0015259021896696368
27929519,0.0015259021896696368
27939267,0.0015259021896696368
27949508,0.0015259021896696368
27959525,0.0015259021896696368
27969525,0.0015259021896696368
27979537,0.0015259021896696368
27989514,0.0015259021896696368
27999374,0.0015259021896696368
28010889,0.0015259021896696368
28019545,0.0015259021896696368
28029265,0.0015259021896696368
28039549,0.0015259021896696368
28051100,0.0015259021896696368
28059548,0.0015259021896696368
28069558,0.0015259021896696368
28079522,0.0015259021896696368
28089275,0.0015259021896696368
28099517,0.0015259021896696368
28109548,0.0015259021896696368
28119272,0.0015259021896696368
28129615,0.0015259021896696368
28139385,0.0015259021896696368
28149258,0.0015259021896696368
28159405,0.0015259021896696368
28169535,0.0015259021896696368
28179376,0.0015259021896696368
28189579,0.0015259021896696368
28199385,0.0015259021896696368
28209544,0.0015259021896696368
28219439,0.0015259021896696368
28229620,0.0015259021896696368
28239254,0.0015259021896696368
28249593,0.0015259021896696368
28259498,0.0015259021896696368
28269542,0.0015259021896696368
28279558,0.0015259021896696368
28289556,0.0015259021896696368
28299251,0.0015259021896696368
28309538,0.0015259021896696368
28319416,0.0015259021896696368
28329372,0.0015259021896696368
28339554,0.0015259021896696368
28349573,0.0015259021896696368
28359257,0.0015259021896696368
28369528,0.0015259021896696368
28379437,0.0015259021896696368
28389362,0.0015259021896696368
28399546,0.0015259021896696368
28409547,0.0015259021896696368
28419258,0.0015259021896696368
28429524,0.0015259021896696368
28439529,0.0015259021896696368
28449360,0.0015259021896696368
28459393,0.0015259021896696368
28469557,0.0015259021896696368
28479247,0.0015259021896696368
28489518,0.0015259021896696368
28499534,0.0015259021896696368
28509530,0.0015259021896696368
28519498,0.0015259021896696368
28529536,0.0015259021896696368
28539278,0.0015259021896696368
28549570,0.0015259021896696368
28559560,0.0015259021896696368
28569273,0.0015259021896696368
28579431,0.0015259021896696368
28589529,0.0015259021896696368
28599385,0.0015259021896696368
28609602,0.0015259021896696368
28619557,0.0015259021896696368
28629272,0.0015259021896696368
28639511,0.0015259021896696368
28649595,0.0015259021896696368
28659276,0.0015259021896696368
28669521,0.0015259021896696368
28679401,0.0015259021896696368
28689276,0.0015259021896696368
28699405,0.0015259021896696368
28709599,0.0015259021896696368
28719286,0.0015259021896696368
28729549,0.0015259021896696368
28739434,0.0015259021896696368
28749274,0.0015259021896696368
28759517,0.0015259021896696368
28769552,0.0015259021896696368
28779548,0.0015259021896696368
28789532,0.0015259021896696368
28799436,0.0015259021896696368
28809384,0.0015259021896696368
28819539,0.0015259021896696368
28829523,0.0015259021896696368
28839270,0.0015259021896696368
28849563,0.0015259021896696368
28859550,0.0015259021896696368
28870323,0.0015259021896696368
28879569,0.0015259021896696368
28889699,0.0015259021896696368
28899262,0.0015259021896696368
28909525,0.0015259021896696368
28919439,0.0015259021896696368
28929276,0.0015259021896696368
28939426,0.0015259021896696368
28949605,0.0015259021896696368
28959261,0.0015259021896696368
28969611,0.0015259021896696368
28979534,0.0015259021896696368
28989380,0.0015259021896696368
28999409,0.0015259021896696368
29009541,0.0015259021896696368
29019265,0.0015259021896696368
29029568,0.0015259021896696368
29039499,0.0015259021896696368
29049276,0.0015259021896696368
29059455,0.0015259021896696368
29069553,0.0015259021896696368
29079509,0.0015259021896696368
29089550,0.0015259021896696368
29099532,0.0015259021896696368
29109271,0.0015259021896696368
29119405,0.0015259021896696368
29129553,0.0015259021896696368
29139255,0.0015259021896696368
29149537,0.0015259021896696368
29159532,0.0015259021896696368
29169538,0.0015259021896696368
29179410,0.0015259021896696368
29189545,0.0015259021896696368
29199366,0.0015259021896696368
29209559,0.0015259021896696368
29219430,0.0015259021896696368
29229243,0.0015259021896696368
29239548,0.0015259021896696368
29249598,0.0015259021896696368
29259274,0.0015259021896696368
29269525,0.0015259021896696368
29279444,0.0015259021896696368
29289594,0.0015259021896696368
29299402,0.0015259021896696368
29309555,0.0015259021896696368
29319304,0.0015259021896696368
29329538,0.0015259021896696368
29339431,0.0015259021896696368
29349412,0.0015259021896696368
29359434,0.0015259021896696368
29369529,0.0015259021896696368
29379387,0.0015259021896696368
29389589,0.0015259021896696368
29399566,0.0015259021896696368
29409282,0.0015259021896696368
29419512,0.0015259021896696368
29429614,0.0015259021896696368
29439577,0.0015259021896696368
29449510,0.0015259021896696368
29459435,0.0015259021896696368
29469393,0.0015259021896696368
29479401,0.0015259021896696368
29489564,0.0015259021896696368
29499304,0.0015259021896696368
29509517,0.0015259021896696368
29519424,0.0015259021896696368
29529272,0.0015259021896696368
29539647,0.0015259021896696368
29549570,0.0015259021896696368
29559280,0.0015259021896696368
29569573,0.0015259021896696368
29579436,0.0015259021896696368
29589387,0.0015259021896696368
29599545,0.0015259021896696368
29609598,0.0015259021896696368
29619281,0.0015259021896696368
29629546,0.0015259021896696368
29639517,0.0015259021896696368
29649394,0.0015259021896696368
29659542,0.0015259021896696368
29669530,0.0015259021896696368
29679275,0.0015259021896696368
29689616,0.0015259021896696368
29699524,0.0015259021896696368
29709325,0.0015259021896696368
29719430,0.0015259021896696368
29729538,0.0015259021896696368
29739385,0.0015259021896696368
29749630,0.0015259021896696368
29759556,0.0015259021896696368
29769268,0.0015259021896696368
29779424,0.0015259021896696368
29789555,0.0015259021896696368
29799512,0.0015259021896696368
29809547,0.0015259021896696368
29819439,0.0015259021896696368
29829270,0.0015259021896696368
29839404,0.0015259021896696368
29849574,0.0015259021896696368
29859266,0.0015259021896696368
29869513,0.0015259021896696368
29879544,0.0015259021896696368
29889577,0.0015259021896696368
29899522,0.0015259021896696368
29909574,0.0015259021896696368
29919259,0.0015259021896696368
29929532,0.0015259021896696368
29939534,0.0015259021896696368
29949370,0.0015259021896696368
29959529,0.0015259021896696368
29969627,0.0015259021896696368
29979507,0.0015259021896696368
29989612,0.0015259021896696368
29999542,0.0015259021896696368
30009272,0.0015259021896696368
30019555,0.0015259021896696368
30029536,0.0015259021896696368
30039340,0.0015259021896696368
30049597,0.0015259021896696368
30059527,0.0015259021896696368
30069289,0.0015259021896696368
30079428,0.0015259021896696368
30089543,0.0015259021896696368
30099403,0.0015259021896696368
30109512,0.0015259021896696368
30119533,0.0015259021896696368
30129287,0.0015259021896696368
30139402,0.0015259021896696368
30149542,0.0015259021896696368
30159296,0.0015259021896696368
30169528,0.0015259021896696368
30179567,0.0015259021896696368
30189280,0.0015259021896696368
30199394,0.0015259021896696368
30209535,0.0015259021896696368
30219263,0.0015259021896696368
30229517,0.0015259021896696368
30239536,0.0015259021896696368
30249262,0.0015259021896696368
30259536,0.0015259021896696368
30269564,0.0015259021896696368
30279263,0.0015259021896696368
30289548,0.0015259021896696368
30299534,0.0015259021896696368
30309268,0.0015259021896696368
30319537,0.0015259021896696368
30329516,0.0015259021896696368
30339264,0.0015259021896696368
30349589,0.0015259021896696368
30359446,0.0015259021896696368
30369254,0.0015259021896696368
30379405,0.0015259021896696368
30389514,0.0015259021896696368
30399252,0.0015259021896696368
30409554,0.0015259021896696368
30419544,0.0015259021896696368
30429251,0.0015259021896696368
30439404,0.0015259021896696368
30449535,0.0015259021896696368
30459253,0.0015259021896696368
30469538,0.0015259021896696368
30479527,0.0015259021896696368
30489258,0.0015259021896696368
30499399,0.0015259021896696368
30509535,0.0015259021896696368
30519253,0.0015259021896696368
30529543,0.0015259021896696368
30539465,0.0015259021896696368
30549265,0.0015259021896696368
30559401,0.0015259021896696368
30569555,0.0015259021896696368
30579255,0.0015259021896696368
30589591,0.0015259021896696368
30599544,0.0015259021896696368
30609259,0.0015259021896696368
30619402,0.0015259021896696368
30629546,0.0015259021896696368
30639250,0.0015259021896696368
30649545,0.0015259021896696368
30659458,0.0015259021896696368
30669263,0.0015259021896696368
30679529,0.0015259021896696368
30689545,0.0015259021896696368
30699239,0.0015259021896696368
30709536,0.0015259021896696368
30719433,0.0015259021896696368
30729257,0.0015259021896696368
30739521,0.0015259021896696368
30749568,0.0015259021896696368
30759239,0.0015259021896696368
30769521,0.0015259021896696368
30779549,0.0015259021896696368
30789273,0.0015259021896696368
30799394,0.0015259021896696368
30809541,0.0015259021896696368
30819288,0.0015259021896696368
30829545,0.0015259021896696368
30839429,0.0015259021896696368
30849277,0.0015259021896696368
30859398,0.0015259021896696368
30869549,0.0015259021896696368
30879274,0.0015259021896696368
30889541,0.0015259021896696368
30899538,0.0015259021896696368
30909275,0.0015259021896696368
30919506,0.0015259021896696368
30929554,0.0015259021896696368
30939269,0.0015259021896696368
30949561,0.0015259021896696368
30959451,0.0015259021896696368
30969262,0.0015259021896696368
30979537,0.0015259021896696368
30989548,0.0015259021896696368
30999275,0.0015259021896696368
31009531,0.0015259021896696368
31019441,0.0015259021896696368
31029263,0.0015259021896696368
31039540,0.0015259021896696368
31049543,0.0015259021896696368
31059269,0.0015259021896696368
31069557,0.0015259021896696368
31079446,0.0015259021896696368
31089259,0.0015259021896696368
31099580,0.0015259021896696368
31109552,0.0015259021896696368
31119271,0.0015259021896696368
31129542,0.0015259021896696368
31139559,0.0015259021896696368
31149262,0.0015259021896696368
31159419,0.0015259021896696368
31169515,0.0015259021896696368
31179261,0.0015259021896696368
31189552,0.0015259021896696368
31199516,0.0015259021896696368
31209270,0.0015259021896696368
31219420,0.0015259021896696368
31229524,0.0015259021896696368
31239270,0.0015259021896696368
31249577,0.0015259021896696368
31259543,0.0015259021896696368
31269259,0.0015259021896696368
31279408,0.0015259021896696368
31289590,0.0015259021896696368
31299267,0.0015259021896696368
31309554,0.0015259021896696368
31319444,0.0015259021896696368
31329255,0.0015259021896696368
31339417,0.0015259021896696368
31349567,0.0015259021896696368
31359254,0.0015259021896696368
31369602,0.0015259021896696368
31379550,0.0015259021896696368
31389391,0.0015259021896696368
31399421,0.0015259021896696368
31409593,0.0015259021896696368
31419249,0.0015259021896696368
31429570,0.0015259021896696368
31439472,0.0015259021896696368
31449263,0.0015259021896696368
31459415,0.0015259021896696368
31469558,0.0015259021896696368
31479253,0.0015259021896696368
31489566,0.0015259021896696368
31499555,0.0015259021896696368
31509253,0.0015259021896696368
31519402,0.0015259021896696368
31529554,0.0015259021896696368
31539276,0.0015259021896696368
31549538,0.0015259021896696368
31559558,0.0015259021896696368
31569284,0.0015259021896696368
31579410,0.0015259021896696368
31589555,0.0015259021896696368
31599275,0.0015259021896696368
31609580,0.0015259021896696368
31619537,0.0015259021896696368
31629278,0.0015259021896696368
31639516,0.0015259021896696368
31649558,0.0015259021896696368
31659268,0.0015259021896696368
31669587,0.0015259021896696368
31679572,0.0015259021896696368
31689277,0.0015259021896696368
31699392,0.0015259021896696368
31709571,0.0015259021896696368
31719277,0.0015259021896696368
31729525,0.0015259021896696368
31739465,0.0015259021896696368
31749281,0.0015259021896696368
31759394,0.0015259021896696368
31769592,0.0015259021896696368
31779283,0.0015259021896696368
31789558,0.0015259021896696368
31799430,0.0015259021896696368
31809283,0.0015259021896696368
31819424,0.0015259021896696368
31829535,0.0015259021896696368
31839268,0.0015259021896696368
31849558,0.0015259021896696368
31859525,0.0015259021896696368
31869279,0.0015259021896696368
31879418,0.0015259021896696368
31889606,0.0015259021896696368
31899265,0.0015259021896696368
31909553,0.0015259021896696368
31919452,0.0015259021896696368
31929267,0.0015259021896696368
31939415,0.0015259021896696368
31949545,0.0015259021896696368
31959266,0.0015259021896696368
31969553,0.0015259021896696368
31979423,0.0015259021896696368
31989262,0.0015259021896696368
31999408,0.0015259021896696368
32009554,0.0015259021896696368
32019263,0.0015259021896696368
32029553,0.0015259021896696368
32039430,0.0015259021896696368
32049265,0.0015259021896696368
32059412,0.0015259021896696368
32069560,0.0015259021896696368
32079260,0.0015259021896696368
32089564,0.0015259021896696368
32099540,0.0015259021896696368
32109255,0.0015259021896696368
32119411,0.0015259021896696368
32129573,0.0015259021896696368
32139255,0.0015259021896696368
32149561,0.0015259021896696368
32159588,0.0015259021896696368
32169261,0.0015259021896696368
32179525,0.0015259021896696368
32189559,0.0015259021896696368
32199264,0.0015259021896696368
32209564,0.0015259021896696368
32219446,0.0015259021896696368
32229255,0.0015259021896696368
32239413,0.0015259021896696368
32249557,0.0015259021896696368
32259261,0.0015259021896696368
32269540,0.0015259021896696368
32279421,0.0015259021896696368
32289291,0.0015259021896696368
32299539,0.0015259021896696368
32309564,0.0015259021896696368
32319285,0.0015259021896696368
32329583,0.0015259021896696368
32339481,0.0015259021896696368
32349288,0.0015259021896696368
32359406,0.0015259021896696368
32369544,0.0015259021896696368
32379279,0.0015259021896696368
32389565,0.0015259021896696368
32399556,0.0015259021896696368
32409279,0.0015259021896696368
32419597,0.0015259021896696368
32429560,0.0015259021896696368
32439280,0.0015259021896696368
32449566,0.0015259021896696368
32459462,0.0015259021896696368
32469294,0.0015259021896696368
32479528,0.0015259021896696368
32489558,0.0015259021896696368
32499279,0.0015259021896696368
32509635,0.0015259021896696368
32519428,0.0015259021896696368
32529289,0.0015259021896696368
32539562,0.0015259021896696368
32549545,0.0015259021896696368
32559276,0.0015259021896696368
32569679,0.0015259021896696368
32579568,0.0015259021896696368
32589273,0.0015259021896696368
32599426,0.0015259021896696368
32609538,0.0015259021896696368
32619271,0.0015259021896696368
32629567,0.0015259021896696368
32639457,0.0015259021896696368
32649279,0.0015259021896696368
32659428,0.0015259021896696368
32669618,0.0015259021896696368
32679278,0.0015259021896696368
32689559,0.0015259021896696368
32699534,0.0015259021896696368
32709285,0.0015259021896696368
32719421,0.0015259021896696368
32729540,0.0015259021896696368
32739271,0.0015259021896696368
32749613,0.0015259021896696368
32759570,0.0015259021896696368
32769269,0.0015259021896696368
32779426,0.0015259021896696368
32789563,0.0015259021896696368
32799267,0.0015259021896696368
32809618,0.0015259021896696368
32819442,0.0015259021896696368
32829266,0.0015259021896696368
32839551,0.0015259021896696368
32849596,0.0015259021896696368
32859274,0.0015259021896696368
32869562,0.0015259021896696368
32879589,0.0015259021896696368
32889269,0.0015259021896696368
32899421,0.0015259021896696368
32909553,0.0015259021896696368
32919276,0.0015259021896696368
32929545,0.0015259021896696368
32939467,0.0015259021896696368
32949262,0.0015259021896696368
32959527,0.0015259021896696368
32969558,0.0015259021896696368
32979266,0.0015259021896696368
32989561,0.0015259021896696368
32999424,0.0015259021896696368
33009264,0.0015259021896696368
33019551,0.0015259021896696368
33029564,0.0015259021896696368
33039277,0.0015259021896696368
33049564,0.0015259021896696368
33059426,0.0015259021896696368
33069293,0.0015259021896696368
33079536,0.0015259021896696368
33089569,0.0015259021896696368
33099297,0.0015259021896696368
33109541,0.0015259021896696368
33119561,0.0015259021896696368
33129288,0.0015259021896696368
33139538,0.0015259021896696368
33149554,0.0015259021896696368
33159290,0.0015259021896696368
33169544,0.0015259021896696368
33179430,0.0015259021896696368
33189292,0.0015259021896696368
33199406,0.0015259021896696368
33209574,0.0015259021896696368
33219293,0.0015259021896696368
33229544,0.0015259021896696368
33239468,0.0015259021896696368
33249289,0.0015259021896696368
33259410,0.0015259021896696368
33269557,0.0015259021896696368
33279293,0.0015259021896696368
33289585,0.0015259021896696368
33299555,0.0015259021896696368
33309284,0.0015259021896696368
33319569,0.0015259021896696368
33329559,0.0015259021896696368
33339284,0.0015259021896696368
33349571,0.0015259021896696368
33359474,0.0015259021896696368
33369280,0.0015259021896696368
33379431,0.0015259021896696368
33389572,0.0015259021896696368
33399280,0.0015259021896696368
33409557,0.0015259021896696368
33419538,0.0015259021896696368
33429305,0.0015259021896696368
33439426,0.0015259021896696368
33449565,0.0015259021896696368
33459285,0.0015259021896696368
33469635,0.0015259021896696368
33479539,0.0015259021896696368
33489270,0.0015259021896696368
33499448,0.0015259021896696368
33509546,0.0015259021896696368
33519277,0.0015259021896696368
33529578,0.0015259021896696368
33539537,0.0015259021896696368
33549284,0.0015259021896696368
33559429,0.0015259021896696368
33569612,0.0015259021896696368
33579283,0.0015259021896696368
33589666,0.0015259021896696368
33599451,0.0015259021896696368
33609274,0.0015259021896696368
33619552,0.0015259021896696368
33629562,0.0015259021896696368
33639267,0.0015259021896696368
33649554,0.0015259021896696368
33659484,0.0015259021896696368
33669272,0.0015259021896696368
33679436,0.0015259021896696368
33689565,0.0015259021896696368
33699281,0.0015259021896696368
33709558,0.0015259021896696368
33719484,0.0015259021896696368
33729261,0.0015259021896696368
33739557,0.0015259021896696368
33749599,0.0015259021896696368
33759268,0.0015259021896696368
33769539,0.0015259021896696368
33779462,0.0015259021896696368
33789299,0.0015259021896696368
33799549,0.0015259021896696368
33809569,0.0015259021896696368
33819301,0.0015259021896696368
33829554,0.0015259021896696368
33839554,0.0015259021896696368
33849290,0.0015259021896696368
33859420,0.0015259021896696368
33869620,0.0015259021896696368
33879293,0.0015259021896696368
33889560,0.0015259021896696368
33899539,0.0015259021896696368
33909291,0.0015259021896696368
33919410,0.0015259021896696368
33929569,0.0015259021896696368
33939302,0.0015259021896696368
33949566,0.0015259021896696368
33959590,0.0015259021896696368
33969289,0.0015259021896696368
33979540,0.0015259021896696368
33989574,0.0015259021896696368
33999294,0.0015259021896696368
34009573,0.0015259021896696368
34019434,0.0015259021896696368
34029285,0.0015259021896696368
34039437,0.0015259021896696368
34049630,0.0015259021896696368
34059289,0.0015259021896696368
34069568,0.0015259021896696368
34079582,0.0015259021896696368
34089288,0.0015259021896696368
34099592,0.0015259021896696368
34109610,0.0015259021896696368
34119286,0.0015259021896696368
34129570,0.0015259021896696368
34139417,0.0015259021896696368
34149287,0.0015259021896696368
34159562,0.0015259021896696368
34169606,0.0015259021896696368
34179286,0.0015259021896696368
34189627,0.0015259021896696368
34199421,0.0015259021896696368
34209282,0.0015259021896696368
34219555,0.0015259021896696368
34229595,0.0015259021896696368
34239291,0.0015259021896696368
34249555,0.0015259021896696368
34259424,0.0015259021896696368
34269280,0.0015259021896696368
34279434,0.0015259021896696368
34289652,0.0015259021896696368
34299276,0.0015259021896696368
34309592,0.0015259021896696368
34319601,0.0015259021896696368
34329283,0.0015259021896696368
34339431,0.0015259021896696368
34349585,0.0015259021896696368
34359294,0.0015259021896696368
34369565,0.0015259021896696368
34379601,0.0015259021896696368
34389272,0.0015259021896696368
34399555,0.0015259021896696368
34409562,0.0015259021896696368
34419277,0.0015259021896696368
34429601,0.0015259021896696368
34439610,0.0015259021896696368
34449270,0.0015259021896696368
34459572,0.0015259021896696368
34469568,0.0015259021896696368
34479280,0.0015259021896696368
34489555,0.0015259021896696368
34499446,0.0015259021896696368
34509274,0.0015259021896696368
34519439,0.0015259021896696368
34529611,0.0015259021896696368
34539315,0.0015259021896696368
34549589,0.0015259021896696368
34559591,0.0015259021896696368
34569302,0.0015259021896696368
34579584,0.0015259021896696368
34589562,0.0015259021896696368
34599297,0.0015259021896696368
34609574,0.0015259021896696368
34619478,0.0015259021896696368
34629303,0.0015259021896696368
34639420,0.0015259021896696368
34649553,0.0015259021896696368
34659310,0.0015259021896696368
34669575,0.0015259021896696368
34679424,0.0015259021896696368
34689293,0.0015259021896696368
34699415,0.0015259021896696368
34709552,0.0015259021896696368
34719303,0.0015259021896696368
34729555,0.0015259021896696368
34739472,0.0015259021896696368
34749291,0.0015259021896696368
34759607,0.0015259021896696368
34769553,0.0015259021896696368
34779288,0.0015259021896696368
34789593,0.0015259021896696368
34799457,0.0015259021896696368
34809292,0.0015259021896696368
34819444,0.0015259021896696368
34829565,0.0015259021896696368
34839288,0.0015259021896696368
34849579,0.0015259021896696368
34859469,0.0015259021896696368
34869301,0.0015259021896696368
34879652,0.0015259021896696368
34889605,0.0015259021896696368
34899290,0.0015259021896696368
34909583,0.0015259021896696368
34919424,0.0015259021896696368
34929291,0.0015259021896696368
34939592,0.0015259021896696368
34949584,0.0015259021896696368
34959290,0.0015259021896696368
34969638,0.0015259021896696368
34979483,0.0015259021896696368
34989290,0.0015259021896696368
34999438,0.0015259021896696368
35009552,0.0015259021896696368
35019294,0.0015259021896696368
35029564,0.0015259021896696368
35039440,0.0015259021896696368
35049285,0.0015259021896696368
35059594,0.0015259021896696368
35069603,0.0015259021896696368
35079288,0.0015259021896696368
35089611,0.0015259021896696368
35099456,0.0015259021896696368
35109287,0.0015259021896696368
35119447,0.0015259021896696368
35129594,0.0015259021896696368
35139294,0.0015259021896696368
35149615,0.0015259021896696368
35159446,0.0015259021896696368
35169290,0.0015259021896696368
35179431,0.0015259021896696368
35189579,0.0015259021896696368
35199275,0.0015259021896696368
35209574,0.0015259021896696368
35219552,0.0015259021896696368
35229277,0.0015259021896696368
35239433,0.0015259021896696368
35249591,0.0015259021896696368
35259280,0.0015259021896696368
35269573,0.0015259021896696368
35279586,0.0015259021896696368
35289306,0.0015259021896696368
35299428,0.0015259021896696368
35309571,0.0015259021896696368
35319306,0.0015259021896696368
35329610,0.0015259021896696368
35339469,0.0015259021896696368
35349306,0.0015259021896696368
35359436,0.0015259021896696368
35369649,0.0015259021896696368
35379305,0.0015259021896696368
35389553,0.0015259021896696368
35399574,0.0015259021896696368
35409302,0.0015259021896696368
35419420,0.0015259021896696368
35429561,0.0015259021896696368
35439303,0.0015259021896696368
35449570,0.0015259021896696368
35459598,0.0015259021896696368
35469311,0.0015259021896696368
35479422,0.0015259021896696368
35489637,0.0015259021896696368
35499295,0.0015259021896696368
35509563,0.0015259021896696368
35519570,0.0015259021896696368
35529309,0.0015259021896696368
35539460,0.0015259021896696368
35549560,0.0015259021896696368
35559306,0.0015259021896696368
35569595,0.0015259021896696368
35579572,0.0015259021896696368
35589299,0.0015259021896696368
35599448,0.0015259021896696368
35609775,0.0015259021896696368
35619303,0.0015259021896696368
35629578,0.0015259021896696368
35639464,0.0015259021896696368
35649293,0.0015259021896696368
35659451,0.0015259021896696368
35669636,0.0015259021896696368
35679296,0.0015259021896696368
35689617,0.0015259021896696368
35699457,0.0015259021896696368
35709306,0.0015259021896696368
35719574,0.0015259021896696368
35729567,0.0015259021896696368
35739295,0.0015259021896696368
35749641,0.0015259021896696368
35759549,0.0015259021896696368
35769295,0.0015259021896696368
35779440,0.0015259021896696368
35789590,0.0015259021896696368
35799295,0.0015259021896696368
35809636,0.0015259021896696368
35819497,0.0015259021896696368
35829287,0.0015259021896696368
35839566,0.0015259021896696368
35849595,0.0015259021896696368
35859292,0.0015259021896696368
35869561,0.0015259021896696368
35879468,0.0015259021896696368
35889284,0.0015259021896696368
35899436,0.0015259021896696368
35909597,0.0015259021896696368
35919283,0.0015259021896696368
35929567,0.0015259021896696368
35939504,0.0015259021896696368
35949287,0.0015259021896696368
35959589,0.0015259021896696368
35969596,0.0015259021896696368
35979295,0.0015259021896696368
35989590,0.0015259021896696368
35999602,0.0015259021896696368
36009281,0.0015259021896696368
36019566,0.0015259021896696368
36029580,0.0015259021896696368
36039600,0.0015259021896696368
36049620,0.0015259021896696368
36059500,0.0015259021896696368
36069316,0.0015259021896696368
36079565,0.0015259021896696368
36089586,0.0015259021896696368
36099323,0.0015259021896696368
36109619,0.0015259021896696368
36119602,0.0015259021896696368
36129321,0.0015259021896696368
36139440,0.0015259021896696368
36149610,0.0015259021896696368
36159309,0.0015259021896696368
36169635,0.0015259021896696368
36179589,0.0015259021896696368
36189304,0.0015259021896696368
36199431,0.0015259021896696368
36209600,0.0015259021896696368
36219310,0.0015259021896696368
36229570,0.0015259021896696368
36239603,0.0015259021896696368
36249317,0.0015259021896696368
36259419,0.0015259021896696368
36269578,0.0015259021896696368
36279313,0.0015259021896696368
36289598,0.0015259021896696368
36299439,0.0015259021896696368
36309303,0.0015259021896696368
36319466,0.0015259021896696368
36329574,0.0015259021896696368
36339305,0.0015259021896696368
36349596,0.0015259021896696368
36359477,0.0015259021896696368
36369306,0.0015259021896696368
36379592,0.0015259021896696368
36389576,0.0015259021896696368
36399310,0.0015259021896696368
36409608,0.0015259021896696368
36419484,0.0015259021896696368
36429306,0.0015259021896696368
36439576,0.0015259021896696368
36449617,0.0015259021896696368
36459310,0.0015259021896696368
36469607,0.0015259021896696368
36479438,0.0015259021896696368
36489307,0.0015259021896696368
36499443,0.0015259021896696368
36509589,0.0015259021896696368
36519294,0.0015259021896696368
36529587,0.0015259021896696368
36539586,0.0015259021896696368
36549306,0.0015259021896696368
36559461,0.0015259021896696368
36569669,0.0015259021896696368
36579301,0.0015259021896696368
36589570,0.0015259021896696368
36599594,0.0015259021896696368
36609305,0.0015259021896696368
36619447,0.0015259021896696368
36629604,0.0015259021896696368
36639286,0.0015259021896696368
36649609,0.0015259021896696368
36659510,0.0015259021896696368
36669296,0.0015259021896696368
36679438,0.0015259021896696368
36689669,0.0015259021896696368
36699294,0.0015259021896696368
36709641,0.0015259021896696368
36719603,0.0015259021896696368
36729296,0.0015259021896696368
36739557,0.0015259021896696368
36749583,0.0015259021896696368
36759300,0.0015259021896696368
36769603,0.0015259021896696368
36779465,0.0015259021896696368
36789322,0.0015259021896696368
36799605,0.0015259021896696368
36809587,0.0015259021896696368
36819329,0.0015259021896696368
36829580,0.0015259021896696368
36839468,0.0015259021896696368
36849317,0.0015259021896696368
36859567,0.0015259021896696368
36869604,0.0015259021896696368
36879315,0.0015259021896696368
36889603,0.0015259021896696368
36899568,0.0015259021896696368
36909314,0.0015259021896696368
36919606,0.0015259021896696368
36929580,0.0015259021896696368
36939315,0.0015259021896696368
36949562,0.0015259021896696368
36959610,0.0015259021896696368
36969322,0.0015259021896696368
36979549,0.0015259021896696368
36989580,0.0015259021896696368
36999313,0.0015259021896696368
37009566,0.0015259021896696368
37019577,0.0015259021896696368
37029310,0.0015259021896696368
37039583,0.0015259021896696368
37049611,0.0015259021896696368
37059304,0.0015259021896696368
37069593,0.0015259021896696368
37079676,0.0015259021896696368
37089320,0.0015259021896696368
37099617,0.0015259021896696368
37109622,0.0015259021896696368
37119319,0.0015259021896696368
37129657,0.0015259021896696368
37139498,0.0015259021896696368
37149298,0.0015259021896696368
37159460,0.0015259021896696368
37169606,0.0015259021896696368
37179316,0.0015259021896696368
37189612,0.0015259021896696368
37199561,0.0015259021896696368
37209293,0.0015259021896696368
37219633,0.0015259021896696368
37229563,0.0015259021896696368
37239303,0.0015259021896696368
37249611,0.0015259021896696368
37259540,0.0015259021896696368
37269300,0.0015259021896696368
37279453,0.0015259021896696368
37289631,0.0015259021896696368
37299292,0.0015259021896696368
37309593,0.0015259021896696368
37319462,0.0015259021896696368
37329302,0.0015259021896696368
37339455,0.0015259021896696368
37349634,0.0015259021896696368
37359300,0.0015259021896696368
37369611,0.0015259021896696368
37379581,0.0015259021896696368
37389297,0.0015259021896696368
37399450,0.0015259021896696368
37409590,0.0015259021896696368
37419303,0.0015259021896696368
37429598,0.0015259021896696368
37439622,0.0015259021896696368
37449300,0.0015259021896696368
37459586,0.0015259021896696368
37469669,0.0015259021896696368
37479292,0.0015259021896696368
37489612,0.0015259021896696368
37499601,0.0015259021896696368
37509293,0.0015259021896696368
37519449,0.0015259021896696368
37529642,0.0015259021896696368
37539334,0.0015259021896696368
37549583,0.0015259021896696368
37559625,0.0015259021896696368
37569326,0.0015259021896696368
37579453,0.0015259021896696368
37589599,0.0015259021896696368
37599325,0.0015259021896696368
37609577,0.0015259021896696368
37619615,0.0015259021896696368
37629324,0.0015259021896696368
37639446,0.0015259021896696368
37649604,0.0015259021896696368
37659322,0.0015259021896696368
37669627,0.0015259021896696368
37679506,0.0015259021896696368
37689318,0.0015259021896696368
37699440,0.0015259021896696368
37709626,0.0015259021896696368
37719325,0.0015259021896696368
37729567,0.0015259021896696368
37739499,0.0015259021896696368
37749323,0.0015259021896696368
37759433,0.0015259021896696368
37769647,0.0015259021896696368
37779331,0.0015259021896696368
37789669,0.0015259021896696368
37799451,0.0015259021896696368
37809324,0.0015259021896696368
37819488,0.0015259021896696368
37829576,0.0015259021896696368
37839324,0.0015259021896696368
37849659,0.0015259021896696368
37859583,0.0015259021896696368
37869390,0.0015259021896696368
37879466,0.0015259021896696368
37889592,0.0015259021896696368
37899324,0.0015259021896696368
37909599,0.0015259021896696368
37919445,0.0015259021896696368
37929328,0.0015259021896696368
37939465,0.0015259021896696368
37949636,0.0015259021896696368
37959319,0.0015259021896696368
37969584,0.0015259021896696368
37979573,0.0015259021896696368
37989305,0.0015259021896696368
37999466,0.0015259021896696368
38009611,0.0015259021896696368
38019317,0.0015259021896696368
38029593,0.0015259021896696368
38039596,0.0015259021896696368
38049302,0.0015259021896696368
38059578,0.0015259021896696368
38069610,0.0015259021896696368
38079309,0.0015259021896696368
38089584,0.0015259021896696368
38099516,0.0015259021896696368
38109306,0.0015259021896696368
38119455,0.0015259021896696368
38129603,0.0015259021896696368
38139314,0.0015259021896696368
38149590,0.0015259021896696368
38159472,0.0015259021896696368
38169299,0.0015259021896696368
38179669,0.0015259021896696368
38189609,0.0015259021896696368
38199308,0.0015259021896696368
38209657,0.0015259021896696368
38219475,0.0015259021896696368
38229295,0.0015259021896696368
38239592,0.0015259021896696368
38249590,0.0015259021896696368
38259297,0.0015259021896696368
38269603,0.0015259021896696368
38279618,0.0015259021896696368
38289342,0.0015259021896696368
38299461,0.0015259021896696368
38309592,0.0015259021896696368
38319335,0.0015259021896696368
38329587,0.0015259021896696368
38339454,0.0015259021896696368
38349332,0.0015259021896696368
38359454,0.0015259021896696368
38369603,0.0015259021896696368
38379322,0.0015259021896696368
38389640,0.0015259021896696368
38399496,0.0015259021896696368
38409328,0.0015259021896696368
38419457,0.0015259021896696368
38429615,0.0015259021896696368
38439324,0.0015259021896696368
38449617,0.0015259021896696368
38459455,0.0015259021896696368
38469336,0.0015259021896696368
38479577,0.0015259021896696368
38489649,0.0015259021896696368
38499330,0.0015259021896696368
38509577,0.0015259021896696368
38519613,0.0015259021896696368
38529619,0.0015259021896696368
38539594,0.0015259021896696368
38549582,0.0015259021896696368
38559314,0.0015259021896696368
38569600,0.0015259021896696368
38579622,0.0015259021896696368
38589318,0.0015259021896696368
38599469,0.0015259021896696368
38609648,0.0015259021896696368
38619317,0.0015259021896696368
38629605,0.0015259021896696368
38639510,0.0015259021896696368
38649319,0.0015259021896696368
38659600,0.0015259021896696368
38669612,0.0015259021896696368
38679321,0.0015259021896696368
38689613,0.0015259021896696368
38699475,0.0015259021896696368
38709352,0.0015259021896696368
38719602,0.0015259021896696368
38729591,0.0015259021896696368
38739329,0.0015259021896696368
38749682,0.0015259021896696368
38759572,0.0015259021896696368
38769628,0.0015259021896696368
38779597,0.0015259021896696368
38789619,0.0015259021896696368
38799307,0.0015259021896696368
38809619,0.0015259021896696368
38819479,0.0015259021896696368
38829313,0.0015259021896696368
38839467,0.0015259021896696368
38849590,0.0015259021896696368
38859324,0.0015259021896696368
38869635,0.0015259021896696368
38879502,0.0015259021896696368
38889306,0.0015259021896696368
38899457,0.0015259021896696368
38909646,0.0015259021896696368
38919328,0.0015259021896696368
38929597,0.0015259021896696368
38939577,0.0015259021896696368
38949304,0.0015259021896696368
38959458,0.0015259021896696368
38969603,0.0015259021896696368
38979311,0.0015259021896696368
38989591,0.0015259021896696368
38999499,0.0015259021896696368
39009307,0.0015259021896696368
39019461,0.0015259021896696368
39029630,0.0015259021896696368
39039336,0.0015259021896696368
39049608,0.0015259021896696368
39059492,0.0015259021896696368
39069337,0.0015259021896696368
39079580,0.0015259021896696368
39089632,0.0015259021896696368
39099341,0.0015259021896696368
39109592,0.0015259021896696368
39119482,0.0015259021896696368
39129335,0.0015259021896696368
39139456,0.0015259021896696368
39149585,0.0015259021896696368
39159339,0.0015259021896696368
39169603,0.0015259021896696368
39179588,0.0015259021896696368
39189342,0.0015259021896696368
39199446,0.0015259021896696368
39209587,0.0015259021896696368
39219324,0.0015259021896696368
39229585,0.0015259021896696368
39239468,0.0015259021896696368
39249331,0.0015259021896696368
39259454,0.0015259021896696368
39269613,0.0015259021896696368
39279326,0.0015259021896696368
39289663,0.0015259021896696368
39299598,0.0015259021896696368
39309326,0.0015259021896696368
39319476,0.0015259021896696368
39329603,0.0015259021896696368
39339325,0.0015259021896696368
39349590,0.0015259021896696368
39359470,0.0015259021896696368
39369336,0.0015259021896696368
39379587,0.0015259021896696368
39389608,0.0015259021896696368
39399323,0.0015259021896696368
39409615,0.0015259021896696368
39419578,0.0015259021896696368
39439607,0.0015259021896696368
39429322,0.0015259021896696368
39449596,0.0015259021896696368
39459324,0.0015259021896696368
39469629,0.0015259021896696368
39479598,0.0015259021896696368
39489328,0.0015259021896696368
39499581,0.0015259021896696368
39509642,0.0015259021896696368
39519325,0.0015259021896696368
39529603,0.0015259021896696368
39539492,0.0015259021896696368
39549335,0.0015259021896696368
39559480,0.0015259021896696368
39569618,0.0015259021896696368
39579311,0.0015259021896696368
39589648,0.0015259021896696368
39599618,0.0015259021896696368
39609321,0.0015259021896696368
39619472,0.0015259021896696368
39629690,0.0015259021896696368
39639320,0.0015259021896696368
39649612,0.0015259021896696368
39659486,0.0015259021896696368
39669328,0.0015259021896696368
39679470,0.0015259021896696368
39689599,0.0015259021896696368
39699309,0.0015259021896696368
39709601,0.0015259021896696368
39719478,0.0015259021896696368
39729314,0.0015259021896696368
39739590,0.0015259021896696368
39749618,0.0015259021896696368
39759322,0.0015259021896696368
39769615,0.0015259021896696368
39779640,0.0015259021896696368
39789342,0.0015259021896696368
39799462,0.0015259021896696368
39809620,0.0015259021896696368
39819345,0.0015259021896696368
39829639,0.0015259021896696368
39839588,0.0015259021896696368
39849337,0.0015259021896696368
39859589,0.0015259021896696368
39869616,0.0015259021896696368
39879350,0.0015259021896696368
39889600,0.0015259021896696368
39899477,0.0015259021896696368
39909335,0.0015259021896696368
39919587,0.0015259021896696368
39929627,0.0015259021896696368
39939346,0.0015259021896696368
39949606,0.0015259021896696368
39959603,0.0015259021896696368
39969347,0.0015259021896696368
39979460,0.0015259021896696368
39989607,0.0015259021896696368
39999345,0.0015259021896696368
40009670,0.0015259021896696368
40019624,0.0015259021896696368
40029332,0.0015259021896696368
40039485,0.0015259021896696368
40049584,0.0015259021896696368
40059343,0.0015259021896696368
40069646,0.0015259021896696368
40079526,0.0015259021896696368
40089329,0.0015259021896696368
40099482,0.0015259021896696368
40109620,0.0015259021896696368
40119340,0.0015259021896696368
40129628,0.0015259021896696368
40139633,0.0015259021896696368
40149332,0.0015259021896696368
40159482,0.0015259021896696368
40169591,0.0015259021896696368
40179332,0.0015259021896696368
40189636,0.0015259021896696368
40199489,0.0015259021896696368
40209331,0.0015259021896696368
40220927,0.0015259021896696368
40229669,0.0015259021896696368
40239635,0.0015259021896696368
40249611,0.0015259021896696368
40259465,0.0015259021896696368
40269323,0.0015259021896696368
40279470,0.0015259021896696368
40289614,0.0015259021896696368
40299319,0.0015259021896696368
40309602,0.0015259021896696368
40319535,0.0015259021896696368
40329321,0.0015259021896696368
40339473,0.0015259021896696368
40349649,0.0015259021896696368
40359313,0.0015259021896696368
40369639,0.0015259021896696368
40379625,0.0015259021896696368
40389324,0.0015259021896696368
40399469,0.0015259021896696368
40409606,0.0015259021896696368
40419331,0.0015259021896696368
40429603,0.0015259021896696368
40439523,0.0015259021896696368
40449311,0.0015259021896696368
40459471,0.0015259021896696368
40469615,0.0015259021896696368
40479311,0.0015259021896696368
40489589,0.0015259021896696368
40499477,0.0015259021896696368
40509310,0.0015259021896696368
40519465,0.0015259021896696368
40529615,0.0015259021896696368
40539345,0.0015259021896696368
40549596,0.0015259021896696368
40559529,0.0015259021896696368
40569352,0.0015259021896696368
40579474,0.0015259021896696368
40589598,0.0015259021896696368
40599351,0.0015259021896696368
40609641,0.0015259021896696368
40619532,0.0015259021896696368
40629351,0.0015259021896696368
40639569,0.0015259021896696368
40649629,0.0015259021896696368
40659358,0.0015259021896696368
40669603,0.0015259021896696368
40679488,0.0015259021896696368
40689347,0.0015259021896696368
40699487,0.0015259021896696368
40709613,0.0015259021896696368
40719346,0.0015259021896696368
40729625,0.0015259021896696368
40739473,0.0015259021896696368
40749336,0.0015259021896696368
40759461,0.0015259021896696368
40769644,0.0015259021896696368
40779337,0.0015259021896696368
40789621,0.0015259021896696368
40799476,0.0015259021896696368
40809343,0.0015259021896696368
40819502,0.0015259021896696368
40829619,0.0015259021896696368
40839348,0.0015259021896696368
40849613,0.0015259021896696368
40859468,0.0015259021896696368
40869339,0.0015259021896696368
40879486,0.0015259021896696368
40889613,0.0015259021896696368
40899329,0.0015259021896696368
40909630,0.0015259021896696368
40919509,0.0015259021896696368
40929328,0.0015259021896696368
40939488,0.0015259021896696368
40949601,0.0015259021896696368
40959328,0.0015259021896696368
40969645,0.0015259021896696368
40979483,0.0015259021896696368
40989327,0.0015259021896696368
40999491,0.0015259021896696368
41009600,0.0015259021896696368
41019330,0.0015259021896696368
41029601,0.0015259021896696368
41039619,0.0015259021896696368
41049332,0.0015259021896696368
41059478,0.0015259021896696368
41069636,0.0015259021896696368
41079337,0.0015259021896696368
41089615,0.0015259021896696368
41099491,0.0015259021896696368
41109326,0.0015259021896696368
41119480,0.0015259021896696368
41129623,0.0015259021896696368
41139333,0.0015259021896696368
41149632,0.0015259021896696368
41159511,0.0015259021896696368
41169326,0.0015259021896696368
41179470,0.0015259021896696368
41189644,0.0015259021896696368
41199324,0.0015259021896696368
41209606,0.0015259021896696368
41219512,0.0015259021896696368
41229331,0.0015259021896696368
41239477,0.0015259021896696368
41249601,0.0015259021896696368
41259322,0.0015259021896696368
41269648,0.0015259021896696368
41279512,0.0015259021896696368
41289359,0.0015259021896696368
41299473,0.0015259021896696368
41309616,0.0015259021896696368
41319374,0.0015259021896696368
41329612,0.0015259021896696368
41339479,0.0015259021896696368
41349352,0.0015259021896696368
41359482,0.0015259021896696368
41369648,0.0015259021896696368
41379347,0.0015259021896696368
41389599,0.0015259021896696368
41399484,0.0015259021896696368
41409355,0.0015259021896696368
41419482,0.0015259021896696368
41429612,0.0015259021896696368
41439346,0.0015259021896696368
41449641,0.0015259021896696368
41459534,0.0015259021896696368
41469345,0.0015259021896696368
41479613,0.0015259021896696368
41489648,0.0015259021896696368
41499340,0.0015259021896696368
41509618,0.0015259021896696368
41519494,0.0015259021896696368
41529355,0.0015259021896696368
41539494,0.0015259021896696368
41549616,0.0015259021896696368
41559356,0.0015259021896696368
41569661,0.0015259021896696368
41579521,0.0015259021896696368
41589351,0.0015259021896696368
41599492,0.0015259021896696368
41609622,0.0015259021896696368
41619348,0.0015259021896696368
41629618,0.0015259021896696368
41639494,0.0015259021896696368
41649349,0.0015259021896696368
41659489,0.0015259021896696368
41669596,0.0015259021896696368
41679334,0.0015259021896696368
41689622,0.0015259021896696368
41699482,0.0015259021896696368
41709336,0.0015259021896696368
41719487,0.0015259021896696368
41729489,0.0015259021896696368
41739345,0.0015259021896696368
41749639,0.0015259021896696368
41759493,0.0015259021896696368
41769329,0.0015259021896696368
41779489,0.0015259021896696368
41789644,0.0015259021896696368
41799331,0.0015259021896696368
41809615,0.0015259021896696368
41819492,0.0015259021896696368
41829331,0.0015259021896696368
41839485,0.0015259021896696368
41849615,0.0015259021896696368
41859329,0.0015259021896696368
41869638,0.0015259021896696368
41879537,0.0015259021896696368
41889338,0.0015259021896696368
41899477,0.0015259021896696368
41909616,0.0015259021896696368
41919336,0.0015259021896696368
41929613,0.0015259021896696368
41939530,0.0015259021896696368
41949331,0.0015259021896696368
41959471,0.0015259021896696368
41969671,0.0015259021896696368
41979327,0.0015259021896696368
41989638,0.0015259021896696368
41999492,0.0015259021896696368
42009321,0.0015259021896696368
42019479,0.0015259021896696368
42029612,0.0015259021896696368
42039439,0.0015259021896696368
42049613,0.0015259021896696368
42059490,0.0015259021896696368
42069363,0.0015259021896696368
42079486,0.0015259021896696368
42089647,0.0015259021896696368
42099354,0.0015259021896696368
42109601,0.0015259021896696368
42119542,0.0015259021896696368
42129360,0.0015259021896696368
42139474,0.0015259021896696368
42149613,0.0015259021896696368
42159348,0.0015259021896696368
42169632,0.0015259021896696368
42179496,0.0015259021896696368
42189362,0.0015259021896696368
42199478,0.0015259021896696368
42209642,0.0015259021896696368
42219346,0.0015259021896696368
42229631,0.0015259021896696368
42239499,0.0015259021896696368
42249359,0.0015259021896696368
42259467,0.0015259021896696368
42269612,0.0015259021896696368
42279344,0.0015259021896696368
42289675,0.0015259021896696368
42299482,0.0015259021896696368
42309341,0.0015259021896696368
42319495,0.0015259021896696368
42329625,0.0015259021896696368
42339350,0.0015259021896696368
42349653,0.0015259021896696368
42359536,0.0015259021896696368
42369348,0.0015259021896696368
42379504,0.0015259021896696368
42389657,0.0015259021896696368
42399346,0.0015259021896696368
42409642,0.0015259021896696368
42419504,0.0015259021896696368
42429355,0.0015259021896696368
42439500,0.0015259021896696368
42449611,0.0015259021896696368
42459343,0.0015259021896696368
42469658,0.0015259021896696368
42479471,0.0015259021896696368
42489346,0.0015259021896696368
42499493,0.0015259021896696368
42509607,0.0015259021896696368
42519337,0.0015259021896696368
42529628,0.0015259021896696368
42539532,0.0015259021896696368
42549364,0.0015259021896696368
42559486,0.0015259021896696368
42569651,0.0015259021896696368
42579337,0.0015259021896696368
42589659,0.0015259021896696368
42599508,0.0015259021896696368
42609343,0.0015259021896696368
42619485,0.0015259021896696368
42629632,0.0015259021896696368
42639353,0.0015259021896696368
42649611,0.0015259021896696368
42659520,0.0015259021896696368
42669339,0.0015259021896696368
42679484,0.0015259021896696368
42689688,0.0015259021896696368
42699338,0.0015259021896696368
42709616,0.0015259021896696368
42719525,0.0015259021896696368
42729334,0.0015259021896696368
42739485,0.0015259021896696368
42749626,0.0015259021896696368
42759343,0.0015259021896696368
42769642,0.0015259021896696368
42779541,0.0015259021896696368
42789374,0.0015259021896696368
42799483,0.0015259021896696368
42809624,0.0015259021896696368
42819365,0.0015259021896696368
42829628,0.0015259021896696368
42839492,0.0015259021896696368
42849363,0.0015259021896696368
42859476,0.0015259021896696368
42869613,0.0015259021896696368
42879365,0.0015259021896696368
42889647,0.0015259021896696368
42899489,0.0015259021896696368
42909362,0.0015259021896696368
42919475,0.0015259021896696368
42929638,0.0015259021896696368
42939368,0.0015259021896696368
42949649,0.0015259021896696368
42959484,0.0015259021896696368
42969354,0.0015259021896696368
42979480,0.0015259021896696368
42989664,0.0015259021896696368
42999353,0.0015259021896696368
43009597,0.0015259021896696368
43019538,0.0015259021896696368
43029358,0.0015259021896696368
43039501,0.0015259021896696368
43049598,0.0015259021896696368
43059349,0.0015259021896696368
43069638,0.0015259021896696368
43079508,0.0015259021896696368
43089356,0.0015259021896696368
43099500,0.0015259021896696368
43109614,0.0015259021896696368
43119351,0.0015259021896696368
43129630,0.0015259021896696368
43139543,0.0015259021896696368
43149358,0.0015259021896696368
43159499,0.0015259021896696368
43169625,0.0015259021896696368
43179355,0.0015259021896696368
43189671,0.0015259021896696368
43199498,0.0015259021896696368
43209343,0.0015259021896696368
43219492,0.0015259021896696368
43229652,0.0015259021896696368
43239345,0.0015259021896696368
43249629,0.0015259021896696368
43259927,0.0015259021896696368
43269652,0.0015259021896696368
43279503,0.0015259021896696368
43289668,0.0015259021896696368
43301096,0.0015259021896696368
43309683,0.0015259021896696368
43319538,0.0015259021896696368
43329352,0.0015259021896696368
43339499,0.0015259021896696368
43349659,0.0015259021896696368
43359360,0.0015259021896696368
43369631,0.0015259021896696368
43379528,0.0015259021896696368
43389341,0.0015259021896696368
43399508,0.0015259021896696368
43409647,0.0015259021896696368
43419344,0.0015259021896696368
43429629,0.0015259021896696368
43439512,0.0015259021896696368
43449353,0.0015259021896696368
43459494,0.0015259021896696368
43469626,0.0015259021896696368
43479349,0.0015259021896696368
43489618,0.0015259021896696368
43499526,0.0015259021896696368
43509347,0.0015259021896696368
43519491,0.0015259021896696368
43529650,0.0015259021896696368
43539369,0.0015259021896696368
43549644,0.0015259021896696368
43559498,0.0015259021896696368
43569366,0.0015259021896696368
43579487,0.0015259021896696368
43589623,0.0015259021896696368
43599368,0.0015259021896696368
43609656,0.0015259021896696368
43619526,0.0015259021896696368
43629370,0.0015259021896696368
43639492,0.0015259021896696368
43649625,0.0015259021896696368
43659371,0.0015259021896696368
43669680,0.0015259021896696368
43679511,0.0015259021896696368
43689364,0.0015259021896696368
43699487,0.0015259021896696368
43709642,0.0015259021896696368
43719363,0.0015259021896696368
43729627,0.0015259021896696368
43739490,0.0015259021896696368
43749362,0.0015259021896696368
43759491,0.0015259021896696368
43769655,0.0015259021896696368
43779356,0.0015259021896696368
43789672,0.0015259021896696368
43799499,0.0015259021896696368
43809359,0.0015259021896696368
43819544,0.0015259021896696368
43829639,0.0015259021896696368
43839361,0.0015259021896696368
43849639,0.0015259021896696368
43859489,0.0015259021896696368
43869357,0.0015259021896696368
43879507,0.0015259021896696368
43889706,0.0015259021896696368
43899355,0.0015259021896696368
43909637,0.0015259021896696368
43919540,0.0015259021896696368
43929368,0.0015259021896696368
43939507,0.0015259021896696368
43949609,0.0015259021896696368
43959357,0.0015259021896696368
43969658,0.0015259021896696368
43979484,0.0015259021896696368
43989348,0.0015259021896696368
43999528,0.0015259021896696368
44009611,0.0015259021896696368
44019346,0.0015259021896696368
44029630,0.0015259021896696368
44039567,0.0015259021896696368
44049346,0.0015259021896696368
44059514,0.0015259021896696368
44069647,0.0015259021896696368
44079359,0.0015259021896696368
44089634,0.0015259021896696368
44099520,0.0015259021896696368
44109352,0.0015259021896696368
44119506,0.0015259021896696368
44129653,0.0015259021896696368
44139364,0.0015259021896696368
44149630,0.0015259021896696368
44159532,0.0015259021896696368
44169343,0.0015259021896696368
44179499,0.0015259021896696368
44189668,0.0015259021896696368
44199357,0.0015259021896696368
44209673,0.0015259021896696368
44219545,0.0015259021896696368
44229353,0.0015259021896696368
44239497,0.0015259021896696368
44249637,0.0015259021896696368
44259359,0.0015259021896696368
44269629,0.0015259021896696368
44279520,0.0015259021896696368
44289373,0.0015259021896696368
44299499,0.0015259021896696368
44309646,0.0015259021896696368
44319373,0.0015259021896696368
44329626,0.0015259021896696368
44339505,0.0015259021896696368
44349374,0.0015259021896696368
44359491,0.0015259021896696368
44369620,0.0015259021896696368
44379371,0.0015259021896696368
44389661,0.0015259021896696368
44399505,0.0015259021896696368
44409374,0.0015259021896696368
44419490,0.0015259021896696368
44429643,0.0015259021896696368
44439373,0.0015259021896696368
44449612,0.0015259021896696368
44459557,0.0015259021896696368
44469372,0.0015259021896696368
44479488,0.0015259021896696368
44489645,0.0015259021896696368
44499366,0.0015259021896696368
44509655,0.0015259021896696368
44519519,0.0015259021896696368
44529367,0.0015259021896696368
44539523,0.0015259021896696368
44549635,0.0015259021896696368
44559360,0.0015259021896696368
44569645,0.0015259021896696368
44579533,0.0015259021896696368
44589365,0.0015259021896696368
44599519,0.0015259021896696368
44609623,0.0015259021896696368
44619359,0.0015259021896696368
44629652,0.0015259021896696368
44639495,0.0015259021896696368
44649364,0.0015259021896696368
44659513,0.0015259021896696368
44669616,0.0015259021896696368
44679361,0.0015259021896696368
44689639,0.0015259021896696368
44699521,0.0015259021896696368
44709356,0.0015259021896696368
44719515,0.0015259021896696368
44729624,0.0015259021896696368
44739364,0.0015259021896696368
44749674,0.0015259021896696368
44759511,0.0015259021896696368
44769360,0.0015259021896696368
44779511,0.0015259021896696368
44789657,0.0015259021896696368
44799352,0.0015259021896696368
44809638,0.0015259021896696368
44819537,0.0015259021896696368
44829359,0.0015259021896696368
44839509,0.0015259021896696368
44849645,0.0015259021896696368
44859364,0.0015259021896696368
44869635,0.0015259021896696368
44879567,0.0015259021896696368
44889346,0.0015259021896696368
44899521,0.0015259021896696368
44909652,0.0015259021896696368
44919355,0.0015259021896696368
44929637,0.0015259021896696368
44939528,0.0015259021896696368
44949357,0.0015259021896696368
44959510,0.0015259021896696368
44969649,0.0015259021896696368
44979345,0.0015259021896696368
44989635,0.0015259021896696368
44999542,0.0015259021896696368
45009348,0.0015259021896696368
45019509,0.0015259021896696368
45029639,0.0015259021896696368
45039381,0.0015259021896696368
45049635,0.0015259021896696368
45059511,0.0015259021896696368
45069386,0.0015259021896696368
45079511,0.0015259021896696368
45089632,0.0015259021896696368
45099373,0.0015259021896696368
45109628,0.0015259021896696368
45119513,0.0015259021896696368
45129389,0.0015259021896696368
45139652,0.0015259021896696368
45149667,0.0015259021896696368
45159371,0.0015259021896696368
45169614,0.0015259021896696368
45179541,0.0015259021896696368
45189368,0.0015259021896696368
45199495,0.0015259021896696368
45209632,0.0015259021896696368
45219374,0.0015259021896696368
45229623,0.0015259021896696368
45239517,0.0015259021896696368
45249380,0.0015259021896696368
45259491,0.0015259021896696368
45269688,0.0015259021896696368
45279365,0.0015259021896696368
45289692,0.0015259021896696368
45299508,0.0015259021896696368
45309384,0.0015259021896696368
45319516,0.0015259021896696368
45329635,0.0015259021896696368
45339371,0.0015259021896696368
45349702,0.0015259021896696368
45359508,0.0015259021896696368
45369364,0.0015259021896696368
45379527,0.0015259021896696368
45389637,0.0015259021896696368
45399367,0.0015259021896696368
45409648,0.0015259021896696368
45419629,0.0015259021896696368
45429410,0.0015259021896696368
45439517,0.0015259021896696368
45449664,0.0015259021896696368
45459371,0.0015259021896696368
45469671,0.0015259021896696368
45479489,0.0015259021896696368
45489376,0.0015259021896696368
45499531,0.0015259021896696368
45509627,0.0015259021896696368
45519357,0.0015259021896696368
45529635,0.0015259021896696368
45539517,0.0015259021896696368
45549357,0.0015259021896696368
45559514,0.0015259021896696368
45569674,0.0015259021896696368
45579367,0.0015259021896696368
45589640,0.0015259021896696368
45599524,0.0015259021896696368
45609356,0.0015259021896696368
45619532,0.0015259021896696368
45629666,0.0015259021896696368
45639371,0.0015259021896696368
45649680,0.0015259021896696368
45659520,0.0015259021896696368
45669367,0.0015259021896696368
45679508,0.0015259021896696368
45689652,0.0015259021896696368
45699358,0.0015259021896696368
45709676,0.0015259021896696368
45719547,0.0015259021896696368
45729357,0.0015259021896696368
45739513,0.0015259021896696368
45749635,0.0015259021896696368
45759357,0.0015259021896696368
45769637,0.0015259021896696368
45779555,0.0015259021896696368
45789379,0.0015259021896696368
45799517,0.0015259021896696368
45809647,0.0015259021896696368
45819385,0.0015259021896696368
45829637,0.0015259021896696368
45839542,0.0015259021896696368
45849395,0.0015259021896696368
45859513,0.0015259021896696368
45869645,0.0015259021896696368
45879382,0.0015259021896696368
45889682,0.0015259021896696368
45899535,0.0015259021896696368
45909389,0.0015259021896696368
45919504,0.0015259021896696368
45929643,0.0015259021896696368
45939381,0.0015259021896696368
45949639,0.0015259021896696368
45959556,0.0015259021896696368
45969386,0.0015259021896696368
45979503,0.0015259021896696368
45989663,0.0015259021896696368
45999372,0.0015259021896696368
46009630,0.0015259021896696368
46019530,0.0015259021896696368
46029381,0.0015259021896696368
46039566,0.0015259021896696368
46049640,0.0015259021896696368
46059377,0.0015259021896696368
46069653,0.0015259021896696368
46079553,0.0015259021896696368
46089375,0.0015259021896696368
46099525,0.0015259021896696368
46109627,0.0015259021896696368
46119366,0.0015259021896696368
46129654,0.0015259021896696368
46139632,0.0015259021896696368
46149379,0.0015259021896696368
46159526,0.0015259021896696368
46169651,0.0015259021896696368
46179369,0.0015259021896696368
46189708,0.0015259021896696368
46199504,0.0015259021896696368
46209369,0.0015259021896696368
46219523,0.0015259021896696368
46229664,0.0015259021896696368
46239515,0.0015259021896696368
46249679,0.0015259021896696368
46259529,0.0015259021896696368
46269363,0.0015259021896696368
46279530,0.0015259021896696368
46289675,0.0015259021896696368
46299363,0.0015259021896696368
46309651,0.0015259021896696368
46319557,0.0015259021896696368
46329365,0.0015259021896696368
46339559,0.0015259021896696368
46349657,0.0015259021896696368
46359372,0.0015259021896696368
46369682,0.0015259021896696368
46379524,0.0015259021896696368
46389367,0.0015259021896696368
46399512,0.0015259021896696368
46409664,0.0015259021896696368
46419381,0.0015259021896696368
46429660,0.0015259021896696368
46439655,0.0015259021896696368
46449358,0.0015259021896696368
46459518,0.0015259021896696368
46469689,0.0015259021896696368
46479364,0.0015259021896696368
46489642,0.0015259021896696368
46499516,0.0015259021896696368
46509357,0.0015259021896696368
46519510,0.0015259021896696368
46529653,0.0015259021896696368
46539392,0.0015259021896696368
46549690,0.0015259021896696368
46559522,0.0015259021896696368
46569400,0.0015259021896696368
46579512,0.0015259021896696368
46589653,0.0015259021896696368
46599387,0.0015259021896696368
46609638,0.0015259021896696368
46619527,0.0015259021896696368
46629394,0.0015259021896696368
46639512,0.0015259021896696368
46649657,0.0015259021896696368
46659390,0.0015259021896696368
46669634,0.0015259021896696368
46679569,0.0015259021896696368
46689379,0.0015259021896696368
46699511,0.0015259021896696368
46709653,0.0015259021896696368
46719386,0.0015259021896696368
46729590,0.0015259021896696368
46739547,0.0015259021896696368
46749401,0.0015259021896696368
46759499,0.0015259021896696368
46769668,0.0015259021896696368
46779381,0.0015259021896696368
46789656,0.0015259021896696368
46799543,0.0015259021896696368
46809391,0.0015259021896696368
46819533,0.0015259021896696368
46829659,0.0015259021896696368
46839381,0.0015259021896696368
46849724,0.0015259021896696368
46859535,0.0015259021896696368
46869385,0.0015259021896696368
46879534,0.0015259021896696368
46889673,0.0015259021896696368
46899372,0.0015259021896696368
46909655,0.0015259021896696368
46919507,0.0015259021896696368
46929377,0.0015259021896696368
46939533,0.0015259021896696368
46949662,0.0015259021896696368
46959380,0.0015259021896696368
46969653,0.0015259021896696368
46979535,0.0015259021896696368
46989390,0.0015259021896696368
46999520,0.0015259021896696368
47009627,0.0015259021896696368
47019375,0.0015259021896696368
47029661,0.0015259021896696368
47039516,0.0015259021896696368
47049370,0.0015259021896696368
47059520,0.0015259021896696368
47069661,0.0015259021896696368
47079381,0.0015259021896696368
47089647,0.0015259021896696368
47099560,0.0015259021896696368
47109372,0.0015259021896696368
47119524,0.0015259021896696368
47129671,0.0015259021896696368
47139368,0.0015259021896696368
47149648,0.0015259021896696368
47159547,0.0015259021896696368
47169371,0.0015259021896696368
47179528,0.0015259021896696368
47189666,0.0015259021896696368
47199367,0.0015259021896696368
47209645,0.0015259021896696368
47219619,0.0015259021896696368
47229368,0.0015259021896696368
47239517,0.0015259021896696368
47249718,0.0015259021896696368
47259366,0.0015259021896696368
47269652,0.0015259021896696368
47279550,0.0015259021896696368
47289396,0.0015259021896696368
47299518,0.0015259021896696368
47309654,0.0015259021896696368
47319392,0.0015259021896696368
47329699,0.0015259021896696368
47339580,0.0015259021896696368
47349397,0.0015259021896696368
47359517,0.0015259021896696368
47369678,0.0015259021896696368
47379394,0.0015259021896696368
47389678,0.0015259021896696368
47399522,0.0015259021896696368
47409401,0.0015259021896696368
47419510,0.0015259021896696368
47429649,0.0015259021896696368
47439392,0.0015259021896696368
47449648,0.0015259021896696368
47459516,0.0015259021896696368
47469386,0.0015259021896696368
47479510,0.0015259021896696368
47489657,0.0015259021896696368
47499383,0.0015259021896696368
47509642,0.0015259021896696368
47519515,0.0015259021896696368
47529391,0.0015259021896696368
47539508,0.0015259021896696368
47549773,0.0015259021896696368
47559397,0.0015259021896696368
47569672,0.0015259021896696368
47579549,0.0015259021896696368
47589380,0.0015259021896696368
47599532,0.0015259021896696368
47609659,0.0015259021896696368
47619389,0.0015259021896696368
47629664,0.0015259021896696368
47639522,0.0015259021896696368
47649386,0.0015259021896696368
47659529,0.0015259021896696368
47669652,0.0015259021896696368
47679386,0.0015259021896696368
47689706,0.0015259021896696368
47699513,0.0015259021896696368
47709392,0.0015259021896696368
47719532,0.0015259021896696368
47729660,0.0015259021896696368
47739381,0.0015259021896696368
47749670,0.0015259021896696368
47759509,0.0015259021896696368
47769389,0.0015259021896696368
47779526,0.0015259021896696368
47789690,0.0015259021896696368
47799382,0.0015259021896696368
47809664,0.0015259021896696368
47819536,0.0015259021896696368
47829377,0.0015259021896696368
47839532,0.0015259021896696368
47849711,0.0015259021896696368
47859381,0.0015259021896696368
47869672,0.0015259021896696368
47879577,0.0015259021896696368
47889375,0.0015259021896696368
47899540,0.0015259021896696368
47909712,0.0015259021896696368
47919374,0.0015259021896696368
47929657,0.0015259021896696368
47939592,0.0015259021896696368
47949380,0.0015259021896696368
47959521,0.0015259021896696368
47969715,0.0015259021896696368
47979372,0.0015259021896696368
47989655,0.0015259021896696368
47999554,0.0015259021896696368
48009380,0.0015259021896696368
48019525,0.0015259021896696368
48029661,0.0015259021896696368
48039402,0.0015259021896696368
48049656,0.0015259021896696368
48059581,0.0015259021896696368
48069404,0.0015259021896696368
48079530,0.0015259021896696368
48089668,0.0015259021896696368
48099401,0.0015259021896696368
48109679,0.0015259021896696368
48119551,0.0015259021896696368
48129396,0.0015259021896696368
48139518,0.0015259021896696368
48149656,0.0015259021896696368
48159396,0.0015259021896696368
48169658,0.0015259021896696368
48179544,0.0015259021896696368
48189391,0.0015259021896696368
48199512,0.0015259021896696368
48209669,0.0015259021896696368
48219394,0.0015259021896696368
48229667,0.0015259021896696368
48239549,0.0015259021896696368
48249404,0.0015259021896696368
48259513,0.0015259021896696368
48269655,0.0015259021896696368
48279401,0.0015259021896696368
48289717,0.0015259021896696368
48299532,0.0015259021896696368
48309393,0.0015259021896696368
48319546,0.0015259021896696368
48329650,0.0015259021896696368
48339386,0.0015259021896696368
48349716,0.0015259021896696368
48359519,0.0015259021896696368
48369395,0.0015259021896696368
48379542,0.0015259021896696368
48389652,0.0015259021896696368
48399392,0.0015259021896696368
48409656,0.0015259021896696368
48419544,0.0015259021896696368
48429386,0.0015259021896696368
48439541,0.0015259021896696368
48449682,0.0015259021896696368
48459383,0.0015259021896696368
48469658,0.0015259021896696368
48479544,0.0015259021896696368
48489396,0.0015259021896696368
48499539,0.0015259021896696368
48509649,0.0015259021896696368
48519382,0.0015259021896696368
48529671,0.0015259021896696368
48539580,0.0015259021896696368
48549393,0.0015259021896696368
48559552,0.0015259021896696368
48569722,0.0015259021896696368
48579385,0.0015259021896696368
48589662,0.0015259021896696368
48599545,0.0015259021896696368
48609386,0.0015259021896696368
48619532,0.0015259021896696368
48629676,0.0015259021896696368
48639498,0.0015259021896696368
48649682,0.0015259021896696368
48659548,0.0015259021896696368
48669379,0.0015259021896696368
48679528,0.0015259021896696368
48689723,0.0015259021896696368
48699375,0.0015259021896696368
48709660,0.0015259021896696368
48719565,0.0015259021896696368
48729379,0.0015259021896696368
48739532,0.0015259021896696368
48749676,0.0015259021896696368
48759384,0.0015259021896696368
48769664,0.0015259021896696368
48779585,0.0015259021896696368
48789406,0.0015259021896696368
48799540,0.0015259021896696368
48809695,0.0015259021896696368
48819405,0.0015259021896696368
48829681,0.0015259021896696368
48839595,0.0015259021896696368
48849403,0.0015259021896696368
48859524,0.0015259021896696368
48869664,0.0015259021896696368
48879405,0.0015259021896696368
48889705,0.0015259021896696368
48899527,0.0015259021896696368
48909405,0.0015259021896696368
48919522,0.0015259021896696368
48929658,0.0015259021896696368
48939396,0.0015259021896696368
48949700,0.0015259021896696368
48959571,0.0015259021896696368
48969398,0.0015259021896696368
48979516,0.0015259021896696368
48989662,0.0015259021896696368
48999412,0.0015259021896696368
49009670,0.0015259021896696368
49019549,0.0015259021896696368
49029410,0.0015259021896696368
49039549,0.0015259021896696368
49049670,0.0015259021896696368
49059396,0.0015259021896696368
49069671,0.0015259021896696368
49079582,0.0015259021896696368
49089389,0.0015259021896696368
49099543,0.0015259021896696368
49109681,0.0015259021896696368
49119403,0.0015259021896696368
49129691,0.0015259021896696368
49139547,0.0015259021896696368
49149400,0.0015259021896696368
49159563,0.0015259021896696368
49169687,0.0015259021896696368
49179403,0.0015259021896696368
49189672,0.0015259021896696368
49199525,0.0015259021896696368
49209394,0.0015259021896696368
49219550,0.0015259021896696368
49229663,0.0015259021896696368
49239387,0.0015259021896696368
49249714,0.0015259021896696368
49259545,0.0015259021896696368
49269395,0.0015259021896696368
49279543,0.0015259021896696368
49289730,0.0015259021896696368
49299383,0.0015259021896696368
49309668,0.0015259021896696368
49319608,0.0015259021896696368
49329386,0.0015259021896696368
49339530,0.0015259021896696368
49349738,0.0015259021896696368
49359385,0.0015259021896696368
49369663,0.0015259021896696368
49379547,0.0015259021896696368
49389391,0.0015259021896696368
49399534,0.0015259021896696368
49409700,0.0015259021896696368
49419385,0.0015259021896696368
49429686,0.0015259021896696368
49439670,0.0015259021896696368
49449392,0.0015259021896696368
49459536,0.0015259021896696368
49469671,0.0015259021896696368
49479383,0.0015259021896696368
49489671,0.0015259021896696368
49499563,0.0015259021896696368
49509384,0.0015259021896696368
49519528,0.0015259021896696368
49529672,0.0015259021896696368
49539416,0.0015259021896696368
49549692,0.0015259021896696368
49559566,0.0015259021896696368
49569405,0.0015259021896696368
49579556,0.0015259021896696368
49589655,0.0015259021896696368
49599414,0.0015259021896696368
49609671,0.0015259021896696368
49619542,0.0015259021896696368
49629406,0.0015259021896696368
49639652,0.0015259021896696368
49649725,0.0015259021896696368
49659416,0.0015259021896696368
49669712,0.0015259021896696368
49679561,0.0015259021896696368
49689409,0.0015259021896696368
49699526,0.0015259021896696368
49709655,0.0015259021896696368
49719414,0.0015259021896696368
49729686,0.0015259021896696368
49739534,0.0015259021896696368
49749410,0.0015259021896696368
49759523,0.0015259021896696368
49769715,0.0015259021896696368
49779406,0.0015259021896696368
49789713,0.0015259021896696368
49799563,0.0015259021896696368
49809412,0.0015259021896696368
49819551,0.0015259021896696368
49829662,0.0015259021896696368
49839409,0.0015259021896696368
49849673,0.0015259021896696368
49859539,0.0015259021896696368
49869404,0.0015259021896696368
49879554,0.0015259021896696368
49889656,0.0015259021896696368
49899411,0.0015259021896696368
49909669,0.0015259021896696368
49919529,0.0015259021896696368
49929409,0.0015259021896696368
49939555,0.0015259021896696368
49949655,0.0015259021896696368
49959398,0.0015259021896696368
49969669,0.0015259021896696368
49979580,0.0015259021896696368
49989390,0.0015259021896696368
49999557,0.0015259021896696368
50009660,0.0015259021896696368
50019400,0.0015259021896696368
50029656,0.0015259021896696368
50039606,0.0015259021896696368
50049407,0.0015259021896696368
50059549,0.0015259021896696368
50069686,0.0015259021896696368
50079397,0.0015259021896696368
50089709,0.0015259021896696368
50099582,0.0015259021896696368
50109393,0.0015259021896696368
50119541,0.0015259021896696368
50129698,0.0015259021896696368
50139388,0.0015259021896696368
50149719,0.0015259021896696368
50159554,0.0015259021896696368
50169385,0.0015259021896696368
50179546,0.0015259021896696368
50189729,0.0015259021896696368
50199393,0.0015259021896696368
50209675,0.0015259021896696368
50219591,0.0015259021896696368
50229392,0.0015259021896696368
50239540,0.0015259021896696368
50249736,0.0015259021896696368
50259382,0.0015259021896696368
50269716,0.0015259021896696368
50279572,0.0015259021896696368
50289418,0.0015259021896696368
50299545,0.0015259021896696368
50309730,0.0015259021896696368
50319412,0.0015259021896696368
50329657,0.0015259021896696368
50339575,0.0015259021896696368
50349408,0.0015259021896696368
50359535,0.0015259021896696368
50369674,0.0015259021896696368
50379411,0.0015259021896696368
50389710,0.0015259021896696368
50399550,0.0015259021896696368
50409409,0.0015259021896696368
50419536,0.0015259021896696368
50429738,0.0015259021896696368
50439410,0.0015259021896696368
50449664,0.0015259021896696368
50459568,0.0015259021896696368
50469415,0.0015259021896696368
50479531,0.0015259021896696368
50489665,0.0015259021896696368
50499408,0.0015259021896696368
50509669,0.0015259021896696368
50519547,0.0015259021896696368
50529413,0.0015259021896696368
50539564,0.0015259021896696368
50549680,0.0015259021896696368
50559477,0.0015259021896696368
50569690,0.0015259021896696368
50579563,0.0015259021896696368
50589405,0.0015259021896696368
50599556,0.0015259021896696368
50609672,0.0015259021896696368
50619413,0.0015259021896696368
50629736,0.0015259021896696368
50639529,0.0015259021896696368
50649411,0.0015259021896696368
50659577,0.0015259021896696368
50669674,0.0015259021896696368
50679400,0.0015259021896696368
50689736,0.0015259021896696368
50699568,0.0015259021896696368
50709411,0.0015259021896696368
50719549,0.0015259021896696368
50729671,0.0015259021896696368
50739396,0.0015259021896696368
50749700,0.0015259021896696368
50759558,0.0015259021896696368
50769410,0.0015259021896696368
50779551,0.0015259021896696368
50789734,0.0015259021896696368
50799396,0.0015259021896696368
50809697,0.0015259021896696368
50819566,0.0015259021896696368
50829409,0.0015259021896696368
50839550,0.0015259021896696368
50849692,0.0015259021896696368
50859401,0.0015259021896696368
50869686,0.0015259021896696368
50879585,0.0015259021896696368
50889397,0.0015259021896696368
50899546,0.0015259021896696368
50909685,0.0015259021896696368
50919405,0.0015259021896696368
50929682,0.0015259021896696368
50939604,0.0015259021896696368
50949405,0.0015259021896696368
50959549,0.0015259021896696368
50969686,0.0015259021896696368
50979396,0.0015259021896696368
50989716,0.0015259021896696368
50999584,0.0015259021896696368
51009402,0.0015259021896696368
51019548,0.0015259021896696368
51029768,0.0015259021896696368
51039419,0.0015259021896696368
51049673,0.0015259021896696368
51059600,0.0015259021896696368
51069423,0.0015259021896696368
51079551,0.0015259021896696368
51089688,0.0015259021896696368
51099416,0.0015259021896696368
51109699,0.0015259021896696368
51119558,0.0015259021896696368
51129427,0.0015259021896696368
51139542,0.0015259021896696368
51149684,0.0015259021896696368
51159413,0.0015259021896696368
51169708,0.0015259021896696368
51179599,0.0015259021896696368
51189413,0.0015259021896696368
51199537,0.0015259021896696368
51209703,0.0015259021896696368
51219424,0.0015259021896696368
51229663,0.0015259021896696368
51239560,0.0015259021896696368
51249428,0.0015259021896696368
51259542,0.0015259021896696368
51269724,0.0015259021896696368
51279419,0.0015259021896696368
51289735,0.0015259021896696368
51299578,0.0015259021896696368
51309415,0.0015259021896696368
51319569,0.0015259021896696368
51329720,0.0015259021896696368
51339415,0.0015259021896696368
51349726,0.0015259021896696368
51359591,0.0015259021896696368
51369415,0.0015259021896696368
51379559,0.0015259021896696368
51389671,0.0015259021896696368
51399418,0.0015259021896696368
51409706,0.0015259021896696368
51419541,0.0015259021896696368
51429408,0.0015259021896696368
51439567,0.0015259021896696368
51449722,0.0015259021896696368
51459412,0.0015259021896696368
51469698,0.0015259021896696368
51479587,0.0015259021896696368
51489408,0.0015259021896696368
51499568,0.0015259021896696368
51509691,0.0015259021896696368
51519412,0.0015259021896696368
51529676,0.0015259021896696368
51539651,0.0015259021896696368
51549401,0.0015259021896696368
51559554,0.0015259021896696368
51569724,0.0015259021896696368
51579408,0.0015259021896696368
51589719,0.0015259021896696368
51599589,0.0015259021896696368
51609402,0.0015259021896696368
51619575,0.0015259021896696368
51629687,0.0015259021896696368
51639415,0.0015259021896696368
51649686,0.0015259021896696368
51659670,0.0015259021896696368
51669417,0.0015259021896696368
51679568,0.0015259021896696368
51689690,0.0015259021896696368
51699408,0.0015259021896696368
51709724,0.0015259021896696368
51719559,0.0015259021896696368
51729408,0.0015259021896696368
51739560,0.0015259021896696368
51749688,0.0015259021896696368
51759393,0.0015259021896696368
51769682,0.0015259021896696368
51779611,0.0015259021896696368
51789441,0.0015259021896696368
51799543,0.0015259021896696368
51809683,0.0015259021896696368
51819427,0.0015259021896696368
51829698,0.0015259021896696368
51839561,0.0015259021896696368
51849439,0.0015259021896696368
51859546,0.0015259021896696368
51869694,0.0015259021896696368
51879419,0.0015259021896696368
51889702,0.0015259021896696368
51899579,0.0015259021896696368
51909425,0.0015259021896696368
51919547,0.0015259021896696368
51929733,0.0015259021896696368
51939417,0.0015259021896696368
51949692,0.0015259021896696368
51959551,0.0015259021896696368
51969444,0.0015259021896696368
51979548,0.0015259021896696368
51989686,0.0015259021896696368
51999424,0.0015259021896696368
52009695,0.0015259021896696368
52019671,0.0015259021896696368
52029448,0.0015259021896696368
52039569,0.0015259021896696368
52049685,0.0015259021896696368
52059417,0.0015259021896696368
52069740,0.0015259021896696368
52079549,0.0015259021896696368
52089417,0.0015259021896696368
52099703,0.0015259021896696368
52109684,0.0015259021896696368
52119415,0.0015259021896696368
52129719,0.0015259021896696368
52139545,0.0015259021896696368
52149440,0.0015259021896696368
52159575,0.0015259021896696368
52169729,0.0015259021896696368
52179423,0.0015259021896696368
52189737,0.0015259021896696368
52199546,0.0015259021896696368
52209416,0.0015259021896696368
52219563,0.0015259021896696368
52229675,0.0015259021896696368
52239411,0.0015259021896696368
52249712,0.0015259021896696368
52259540,0.0015259021896696368
52269413,0.0015259021896696368
52279563,0.0015259021896696368
52289769,0.0015259021896696368
52299410,0.0015259021896696368
52309704,0.0015259021896696368
52319596,0.0015259021896696368
52329418,0.0015259021896696368
52339561,0.0015259021896696368
52349702,0.0015259021896696368
52359411,0.0015259021896696368
52369739,0.0015259021896696368
52379592,0.0015259021896696368
52389419,0.0015259021896696368
52399556,0.0015259021896696368
52409754,0.0015259021896696368
52419409,0.0015259021896696368
52429678,0.0015259021896696368
52439613,0.0015259021896696368
52449401,0.0015259021896696368
52459556,0.0015259021896696368
52469737,0.0015259021896696368
52479398,0.0015259021896696368
52489701,0.0015259021896696368
52499572,0.0015259021896696368
52509408,0.0015259021896696368
52519565,0.0015259021896696368
52529695,0.0015259021896696368
52539433,0.0015259021896696368
52549732,0.0015259021896696368
52559669,0.0015259021896696368
52569458,0.0015259021896696368
52579550,0.0015259021896696368
52589692,0.0015259021896696368
52599427,0.0015259021896696368
52609722,0.0015259021896696368
52619590,0.0015259021896696368
52629430,0.0015259021896696368
52639550,0.0015259021896696368
52649683,0.0015259021896696368
52659571,0.0015259021896696368
52669726,0.0015259021896696368
52679565,0.0015259021896696368
52689423,0.0015259021896696368
52699559,0.0015259021896696368
52709711,0.0015259021896696368
52719434,0.0015259021896696368
52729685,0.0015259021896696368
52739581,0.0015259021896696368
52749446,0.0015259021896696368
52759546,0.0015259021896696368
52769735,0.0015259021896696368
52779428,0.0015259021896696368
52789737,0.0015259021896696368
52799583,0.0015259021896696368
52809422,0.0015259021896696368
52819572,0.0015259021896696368
52829727,0.0015259021896696368
52839428,0.0015259021896696368
52849753,0.0015259021896696368
52859560,0.0015259021896696368
52869461,0.0015259021896696368
52879570,0.0015259021896696368
52889725,0.0015259021896696368
52899430,0.0015259021896696368
52909742,0.0015259021896696368
52919593,0.0015259021896696368
52929425,0.0015259021896696368
52939575,0.0015259021896696368
52949733,0.0015259021896696368
52959421,0.0015259021896696368
52969733,0.0015259021896696368
52979594,0.0015259021896696368
52989416,0.0015259021896696368
52999563,0.0015259021896696368
53009677,0.0015259021896696368
53019411,0.0015259021896696368
53029733,0.0015259021896696368
53039628,0.0015259021896696368
53049414,0.0015259021896696368
53059563,0.0015259021896696368
53069769,0.0015259021896696368
53079426,0.0015259021896696368
53089740,0.0015259021896696368
53099608,0.0015259021896696368
53109419,0.0015259021896696368
53119575,0.0015259021896696368
53129741,0.0015259021896696368
53139427,0.0015259021896696368
53149727,0.0015259021896696368
53159579,0.0015259021896696368
53169417,0.0015259021896696368
53179568,0.0015259021896696368
53189710,0.0015259021896696368
53199408,0.0015259021896696368
53209700,0.0015259021896696368
53219626,0.0015259021896696368
53229418,0.0015259021896696368
53239563,0.0015259021896696368
53249704,0.0015259021896696368
53259404,0.0015259021896696368
53269688,0.0015259021896696368
53279601,0.0015259021896696368
53289446,0.0015259021896696368
53299561,0.0015259021896696368
53309696,0.0015259021896696368
53319439,0.0015259021896696368
53329733,0.0015259021896696368
53339584,0.0015259021896696368
53349445,0.0015259021896696368
53359553,0.0015259021896696368
53369695,0.0015259021896696368
53379432,0.0015259021896696368
53389697,0.0015259021896696368
53399572,0.0015259021896696368
53409446,0.0015259021896696368
53419552,0.0015259021896696368
53429702,0.0015259021896696368
53439446,0.0015259021896696368
53449700,0.0015259021896696368
53459570,0.0015259021896696368
53469452,0.0015259021896696368
53479557,0.0015259021896696368
53489743,0.0015259021896696368
53499433,0.0015259021896696368
53509683,0.0015259021896696368
53519590,0.0015259021896696368
53529447,0.0015259021896696368
53539586,0.0015259021896696368
53549756,0.0015259021896696368
53559435,0.0015259021896696368
53569754,0.0015259021896696368
53579591,0.0015259021896696368
53589441,0.0015259021896696368
53599577,0.0015259021896696368
53609741,0.0015259021896696368
53619436,0.0015259021896696368
53629721,0.0015259021896696368
53639576,0.0015259021896696368
53649421,0.0015259021896696368
53659582,0.0015259021896696368
53669680,0.0015259021896696368
53679423,0.0015259021896696368
53689751,0.0015259021896696368
53699572,0.0015259021896696368
53709423,0.0015259021896696368
53719574,0.0015259021896696368
53729685,0.0015259021896696368
53739436,0.0015259021896696368
53749739,0.0015259021896696368
53759667,0.0015259021896696368
53769424,0.0015259021896696368
53779572,0.0015259021896696368
53789730,0.0015259021896696368
53799423,0.0015259021896696368
53809717,0.0015259021896696368
53819584,0.0015259021896696368
53829439,0.0015259021896696368
53839574,0.0015259021896696368
53849760,0.0015259021896696368
53859414,0.0015259021896696368
53869709,0.0015259021896696368
53879576,0.0015259021896696368
53889427,0.0015259021896696368
53899580,0.0015259021896696368
53909711,0.0015259021896696368
53919418,0.0015259021896696368
53929722,0.0015259021896696368
53939606,0.0015259021896696368
53949424,0.0015259021896696368
53959563,0.0015259021896696368
53969707,0.0015259021896696368
53979418,0.0015259021896696368
53989735,0.0015259021896696368
53999583,0.0015259021896696368
54009409,0.0015259021896696368
54019566,0.0015259021896696368
54029705,0.0015259021896696368
54039441,0.0015259021896696368
54049745,0.0015259021896696368
54059614,0.0015259021896696368
54069456,0.0015259021896696368
54079561,0.0015259021896696368
54089710,0.0015259021896696368
54099439,0.0015259021896696368
54109714,0.0015259021896696368
54119612,0.0015259021896696368
54129454,0.0015259021896696368
54139565,0.0015259021896696368
54149698,0.0015259021896696368
54159448,0.0015259021896696368
54169687,0.0015259021896696368
54179564,0.0015259021896696368
54189464,0.0015259021896696368
54199561,0.0015259021896696368
54209702,0.0015259021896696368
54219433,0.0015259021896696368
54229683,0.0015259021896696368
54239567,0.0015259021896696368
54249444,0.0015259021896696368
54259557,0.0015259021896696368
54269746,0.0015259021896696368
54279437,0.0015259021896696368
54289766,0.0015259021896696368
54299707,0.0015259021896696368
54309457,0.0015259021896696368
54319592,0.0015259021896696368
54329690,0.0015259021896696368
54339439,0.0015259021896696368
54349753,0.0015259021896696368
54359560,0.0015259021896696368
54369439,0.0015259021896696368
54379581,0.0015259021896696368
54389704,0.0015259021896696368
54399434,0.0015259021896696368
54409722,0.0015259021896696368
54419582,0.0015259021896696368
54429455,0.0015259021896696368
54439578,0.0015259021896696368
54449685,0.0015259021896696368
54459438,0.0015259021896696368
54469760,0.0015259021896696368
54479612,0.0015259021896696368
54489441,0.0015259021896696368
54499598,0.0015259021896696368
54509683,0.0015259021896696368
54519429,0.0015259021896696368
54529745,0.0015259021896696368
54539602,0.0015259021896696368
54549447,0.0015259021896696368
54559576,0.0015259021896696368
54569725,0.0015259021896696368
54579437,0.0015259021896696368
54589709,0.0015259021896696368
54599597,0.0015259021896696368
54609429,0.0015259021896696368
54619574,0.0015259021896696368
54629715,0.0015259021896696368
54639427,0.0015259021896696368
54649740,0.0015259021896696368
54659615,0.0015259021896696368
54669441,0.0015259021896696368
54679578,0.0015259021896696368
54689781,0.0015259021896696368
54699421,0.0015259021896696368
54709745,0.0015259021896696368
54719611,0.0015259021896696368
54729441,0.0015259021896696368
54739575,0.0015259021896696368
54749715,0.0015259021896696368
54759421,0.0015259021896696368
54769698,0.0015259021896696368
54779582,0.0015259021896696368
54789446,0.0015259021896696368
54799575,0.0015259021896696368
54809707,0.0015259021896696368
54819444,0.0015259021896696368
54829720,0.0015259021896696368
54839623,0.0015259021896696368
54849457,0.0015259021896696368
54859573,0.0015259021896696368
54869711,0.0015259021896696368
54879440,0.0015259021896696368
54889737,0.0015259021896696368
54899609,0.0015259021896696368
54909447,0.0015259021896696368
54919596,0.0015259021896696368
54929718,0.0015259021896696368
54939444,0.0015259021896696368
54949694,0.0015259021896696368
54959579,0.0015259021896696368
54969446,0.0015259021896696368
54979567,0.0015259021896696368
54989699,0.0015259021896696368
54999436,0.0015259021896696368
55009696,0.0015259021896696368
55019578,0.0015259021896696368
55029449,0.0015259021896696368
55039596,0.0015259021896696368
55049705,0.0015259021896696368
55059443,0.0015259021896696368
55069723,0.0015259021896696368
55079580,0.0015259021896696368
55089482,0.0015259021896696368
55099589,0.0015259021896696368
55109699,0.0015259021896696368
55119438,0.0015259021896696368
55129742,0.0015259021896696368
55139569,0.0015259021896696368
55149439,0.0015259021896696368
55159584,0.0015259021896696368
55169702,0.0015259021896696368
55179431,0.0015259021896696368
55189711,0.0015259021896696368
55199591,0.0015259021896696368
55209460,0.0015259021896696368
55219608,0.0015259021896696368
55229691,0.0015259021896696368
55239443,0.0015259021896696368
55249749,0.0015259021896696368
55259592,0.0015259021896696368
55269448,0.0015259021896696368
55279585,0.0015259021896696368
55289715,0.0015259021896696368
55299434,0.0015259021896696368
55309716,0.0015259021896696368
55319595,0.0015259021896696368
55329443,0.0015259021896696368
55339579,0.0015259021896696368
55349742,0.0015259021896696368
55359437,0.0015259021896696368
55369758,0.0015259021896696368
55379613,0.0015259021896696368
55389428,0.0015259021896696368
55399712,0.0015259021896696368
55409728,0.0015259021896696368
55419422,0.0015259021896696368
55429713,0.0015259021896696368
55439640,0.0015259021896696368
55449428,0.0015259021896696368
55459578,0.0015259021896696368
55469714,0.0015259021896696368
55479428,0.0015259021896696368
55489752,0.0015259021896696368
55499587,0.0015259021896696368
55509439,0.0015259021896696368
55519588,0.0015259021896696368
55529737,0.0015259021896696368
55539450,0.0015259021896696368
55549708,0.0015259021896696368
55559583,0.0015259021896696368
55569459,0.0015259021896696368
55579581,0.0015259021896696368
55589740,0.0015259021896696368
55599454,0.0015259021896696368
55609708,0.0015259021896696368
55619607,0.0015259021896696368
55629488,0.0015259021896696368
55639576,0.0015259021896696368
55649707,0.0015259021896696368
55659451,0.0015259021896696368
55669738,0.0015259021896696368
55679579,0.0015259021896696368
55689453,0.0015259021896696368
55699575,0.0015259021896696368
55709722,0.0015259021896696368
55719459,0.0015259021896696368
55729720,0.0015259021896696368
55739576,0.0015259021896696368
55749471,0.0015259021896696368
55759571,0.0015259021896696368
55769716,0.0015259021896696368
55779449,0.0015259021896696368
55789763,0.0015259021896696368
55799602,0.0015259021896696368
55809451,0.0015259021896696368
55819596,0.0015259021896696368
55829711,0.0015259021896696368
55839441,0.0015259021896696368
55849735,0.0015259021896696368
55859582,0.0015259021896696368
55869445,0.0015259021896696368
55879601,0.0015259021896696368
55889741,0.0015259021896696368
55899448,0.0015259021896696368
55909723,0.0015259021896696368
55919594,0.0015259021896696368
55929449,0.0015259021896696368
55939596,0.0015259021896696368
55949722,0.0015259021896696368
55959438,0.0015259021896696368
55969722,0.0015259021896696368
55979600,0.0015259021896696368
55989446,0.0015259021896696368
55999595,0.0015259021896696368
56009740,0.0015259021896696368
56019434,0.0015259021896696368
56029732,0.0015259021896696368
56039653,0.0015259021896696368
56049460,0.0015259021896696368
56059594,0.0015259021896696368
56069723,0.0015259021896696368
56079450,0.0015259021896696368
56089755,0.0015259021896696368
56099619,0.0015259021896696368
56109456,0.0015259021896696368
56119589,0.0015259021896696368
56129731,0.0015259021896696368
56139433,0.0015259021896696368
56149714,0.0015259021896696368
56159598,0.0015259021896696368
56169449,0.0015259021896696368
56179587,0.0015259021896696368
56189750,0.0015259021896696368
56199426,0.0015259021896696368
56209716,0.0015259021896696368
56219613,0.0015259021896696368
56229568,0.0015259021896696368
56239586,0.0015259021896696368
56249752,0.0015259021896696368
56259450,0.0015259021896696368
56269720,0.0015259021896696368
56279611,0.0015259021896696368
56289461,0.0015259021896696368
56299581,0.0015259021896696368
56309719,0.0015259021896696368
56319453,0.0015259021896696368
56329725,0.0015259021896696368
56339604,0.0015259021896696368
56349463,0.0015259021896696368
56359579,0.0015259021896696368
56369715,0.0015259021896696368
56379450,0.0015259021896696368
56389705,0.0015259021896696368
56399618,0.0015259021896696368
56409460,0.0015259021896696368
56419579,0.0015259021896696368
56429734,0.0015259021896696368
56439467,0.0015259021896696368
56449717,0.0015259021896696368
56459609,0.0015259021896696368
56469457,0.0015259021896696368
56479577,0.0015259021896696368
56489712,0.0015259021896696368
56499586,0.0015259021896696368
56509699,0.0015259021896696368
56519644,0.0015259021896696368
56529470,0.0015259021896696368
56539603,0.0015259021896696368
56549706,0.0015259021896696368
56559460,0.0015259021896696368
56569764,0.0015259021896696368
56579580,0.0015259021896696368
56589456,0.0015259021896696368
56599602,0.0015259021896696368
56609709,0.0015259021896696368
56619451,0.0015259021896696368
56629733,0.0015259021896696368
56639629,0.0015259021896696368
56649469,0.0015259021896696368
56659597,0.0015259021896696368
56669716,0.0015259021896696368
56679457,0.0015259021896696368
56689732,0.0015259021896696368
56699626,0.0015259021896696368
56709456,0.0015259021896696368
56719605,0.0015259021896696368
56729707,0.0015259021896696368
56739439,0.0015259021896696368
56749719,0.0015259021896696368
56759598,0.0015259021896696368
56769458,0.0015259021896696368
56779600,0.0015259021896696368
56789734,0.0015259021896696368
56799450,0.0015259021896696368
56809724,0.0015259021896696368
56819605,0.0015259021896696368
56829444,0.0015259021896696368
56839592,0.0015259021896696368
56849739,0.0015259021896696368
56859444,0.0015259021896696368
56869773,0.0015259021896696368
56879600,0.0015259021896696368
56889450,0.0015259021896696368
56899589,0.0015259021896696368
56909751,0.0015259021896696368
56919438,0.0015259021896696368
56929734,0.0015259021896696368
56939624,0.0015259021896696368
56949455,0.0015259021896696368
56959586,0.0015259021896696368
56969730,0.0015259021896696368
56979436,0.0015259021896696368
56989724,0.0015259021896696368
56999603,0.0015259021896696368
57009460,0.0015259021896696368
57019591,0.0015259021896696368
57029760,0.0015259021896696368
57039461,0.0015259021896696368
57049786,0.0015259021896696368
57059600,0.0015259021896696368
57069477,0.0015259021896696368
57079588,0.0015259021896696368
57089755,0.0015259021896696368
57099475,0.0015259021896696368
57109758,0.0015259021896696368
57119597,0.0015259021896696368
57129478,0.0015259021896696368
57139590,0.0015259021896696368
57149765,0.0015259021896696368
57159454,0.0015259021896696368
57169763,0.0015259021896696368
57179597,0.0015259021896696368
57189480,0.0015259021896696368
57199583,0.0015259021896696368
57209745,0.0015259021896696368
57219459,0.0015259021896696368
57229700,0.0015259021896696368
57239597,0.0015259021896696368
57249475,0.0015259021896696368
57259582,0.0015259021896696368
57269722,0.0015259021896696368
57279459,0.0015259021896696368
57289736,0.0015259021896696368
57299619,0.0015259021896696368
57309467,0.0015259021896696368
57319604,0.0015259021896696368
57329756,0.0015259021896696368
57339465,0.0015259021896696368
57349757,0.0015259021896696368
57359615,0.0015259021896696368
57369461,0.0015259021896696368
57379609,0.0015259021896696368
57389770,0.0015259021896696368
57399452,0.0015259021896696368
57409773,0.0015259021896696368
57419589,0.0015259021896696368
57429472,0.0015259021896696368
57439602,0.0015259021896696368
57449715,0.0015259021896696368
57459455,0.0015259021896696368
57469736,0.0015259021896696368
57479606,0.0015259021896696368
57489467,0.0015259021896696368
57499599,0.0015259021896696368
57509856,0.0015259021896696368
57519449,0.0015259021896696368
57529746,0.0015259021896696368
57539620,0.0015259021896696368
57549469,0.0015259021896696368
57559603,0.0015259021896696368
57569837,0.0015259021896696368
57579447,0.0015259021896696368
57589725,0.0015259021896696368
57599614,0.0015259021896696368
57609455,0.0015259021896696368
57619604,0.0015259021896696368
57629762,0.0015259021896696368
57639447,0.0015259021896696368
57649726,0.0015259021896696368
57659662,0.0015259021896696368
57669458,0.0015259021896696368
57679600,0.0015259021896696368
57689740,0.0015259021896696368
57699449,0.0015259021896696368
57709721,0.0015259021896696368
57719663,0.0015259021896696368
57729462,0.0015259021896696368
57739595,0.0015259021896696368
57749767,0.0015259021896696368
57759442,0.0015259021896696368
57769731,0.0015259021896696368
57779597,0.0015259021896696368
57789480,0.0015259021896696368
57799592,0.0015259021896696368
57809728,0.0015259021896696368
57819470,0.0015259021896696368
57829711,0.0015259021896696368
57839611,0.0015259021896696368
57849472,0.0015259021896696368
57859589,0.0015259021896696368
57869730,0.0015259021896696368
57879465,0.0015259021896696368
57889717,0.0015259021896696368
57899607,0.0015259021896696368
57909482,0.0015259021896696368
57919590,0.0015259021896696368
57929770,0.0015259021896696368
57939472,0.0015259021896696368
57949756,0.0015259021896696368
57959604,0.0015259021896696368
57969482,0.0015259021896696368
57979582,0.0015259021896696368
57989742,0.0015259021896696368
57999471,0.0015259021896696368
58009760,0.0015259021896696368
58019594,0.0015259021896696368
58029498,0.0015259021896696368
58039613,0.0015259021896696368
58049777,0.0015259021896696368
58059464,0.0015259021896696368
58069741,0.0015259021896696368
58079639,0.0015259021896696368
58089461,0.0015259021896696368
58099615,0.0015259021896696368
58109765,0.0015259021896696368
58119462,0.0015259021896696368
58129739,0.0015259021896696368
58139582,0.0015259021896696368
58149476,0.0015259021896696368
58159733,0.0015259021896696368
58169720,0.0015259021896696368
58179458,0.0015259021896696368
58189740,0.0015259021896696368
58199636,0.0015259021896696368
58209522,0.0015259021896696368
58219747,0.0015259021896696368
58229710,0.0015259021896696368
58239459,0.0015259021896696368
58249739,0.0015259021896696368
58259588,0.0015259021896696368
58269473,0.0015259021896696368
58279611,0.0015259021896696368
58289809,0.0015259021896696368
58299451,0.0015259021896696368
58309741,0.0015259021896696368
58319616,0.0015259021896696368
58329458,0.0015259021896696368
58339605,0.0015259021896696368
58349754,0.0015259021896696368
58359457,0.0015259021896696368
58369767,0.0015259021896696368
58379612,0.0015259021896696368
58389465,0.0015259021896696368
58399596,0.0015259021896696368
58409763,0.0015259021896696368
58419452,0.0015259021896696368
58429728,0.0015259021896696368
58439671,0.0015259021896696368
58449471,0.0015259021896696368
58459605,0.0015259021896696368
58469740,0.0015259021896696368
58479449,0.0015259021896696368
58489733,0.0015259021896696368
58499625,0.0015259021896696368
58510986,0.0015259021896696368
58519597,0.0015259021896696368
58530432,0.0015259021896696368
58539810,0.0015259021896696368
58549777,0.0015259021896696368
58559676,0.0015259021896696368
58569486,0.0015259021896696368
58579594,0.0015259021896696368
58589753,0.0015259021896696368
58599470,0.0015259021896696368
58609734,0.0015259021896696368
58619607,0.0015259021896696368
58629490,0.0015259021896696368
58639595,0.0015259021896696368
58649748,0.0015259021896696368
58659473,0.0015259021896696368
58669718,0.0015259021896696368
58679654,0.0015259021896696368
58689495,0.0015259021896696368
58699606,0.0015259021896696368
58709743,0.0015259021896696368
58719478,0.0015259021896696368
58729719,0.0015259021896696368
58739649,0.0015259021896696368
58749475,0.0015259021896696368
58759588,0.0015259021896696368
58769718,0.0015259021896696368
58779463,0.0015259021896696368
58789785,0.0015259021896696368
58799602,0.0015259021896696368
58809484,0.0015259021896696368
58819615,0.0015259021896696368
58829728,0.0015259021896696368
58839462,0.0015259021896696368
58849804,0.0015259021896696368
58859645,0.0015259021896696368
58869539,0.0015259021896696368
58879613,0.0015259021896696368
58889725,0.0015259021896696368
58899460,0.0015259021896696368
58909751,0.0015259021896696368
58919595,0.0015259021896696368
58929479,0.0015259021896696368
58939618,0.0015259021896696368
58949734,0.0015259021896696368
58959464,0.0015259021896696368
58969778,0.0015259021896696368
58979589,0.0015259021896696368
58989470,0.0015259021896696368
58999610,0.0015259021896696368
59009769,0.0015259021896696368
59019471,0.0015259021896696368
59029793,0.0015259021896696368
59039632,0.0015259021896696368
59049465,0.0015259021896696368
59059612,0.0015259021896696368
59069742,0.0015259021896696368
59079456,0.0015259021896696368
59089781,0.0015259021896696368
59099637,0.0015259021896696368
59109473,0.0015259021896696368
59119605,0.0015259021896696368
59129750,0.0015259021896696368
59139465,0.0015259021896696368
59149782,0.0015259021896696368
59159642,0.0015259021896696368
59169466,0.0015259021896696368
59179639,0.0015259021896696368
59189749,0.0015259021896696368
59199464,0.0015259021896696368
59209738,0.0015259021896696368
59219647,0.0015259021896696368
59229449,0.0015259021896696368
59239613,0.0015259021896696368
59249760,0.0015259021896696368
59259452,0.0015259021896696368
59269737,0.0015259021896696368
59279667,0.0015259021896696368
59289486,0.0015259021896696368
59299598,0.0015259021896696368
59309752,0.0015259021896696368
59319487,0.0015259021896696368
59329752,0.0015259021896696368
59339615,0.0015259021896696368
59349493,0.0015259021896696368
59359594,0.0015259021896696368
59369766,0.0015259021896696368
59379479,0.0015259021896696368
59389735,0.0015259021896696368
59399632,0.0015259021896696368
59409510,0.0015259021896696368
59419599,0.0015259021896696368
59429733,0.0015259021896696368
59439484,0.0015259021896696368
59449739,0.0015259021896696368
59459637,0.0015259021896696368
59469481,0.0015259021896696368
59479601,0.0015259021896696368
59489735,0.0015259021896696368
59499474,0.0015259021896696368
59509714,0.0015259021896696368
59519627,0.0015259021896696368
59529487,0.0015259021896696368
59539625,0.0015259021896696368
59549742,0.0015259021896696368
59559482,0.0015259021896696368
59569786,0.0015259021896696368
59579656,0.0015259021896696368
59589484,0.0015259021896696368
59599621,0.0015259021896696368
59609736,0.0015259021896696368
59619468,0.0015259021896696368
59629753,0.0015259021896696368
59639625,0.0015259021896696368
59649471,0.0015259021896696368
59659618,0.0015259021896696368
59669735,0.0015259021896696368
59679462,0.0015259021896696368
59689751,0.0015259021896696368
59699631,0.0015259021896696368
59709512,0.0015259021896696368
59719620,0.0015259021896696368
59729729,0.0015259021896696368
59739468,0.0015259021896696368
59749797,0.0015259021896696368
59759594,0.0015259021896696368
59769475,0.0015259021896696368
59779616,0.0015259021896696368
59789763,0.0015259021896696368
59799463,0.0015259021896696368
59809742,0.0015259021896696368
59819629,0.0015259021896696368
59829531,0.0015259021896696368
59839614,0.0015259021896696368
59849770,0.0015259021896696368
59859463,0.0015259021896696368
59869782,0.0015259021896696368
59879620,0.0015259021896696368
59889480,0.0015259021896696368
59899609,0.0015259021896696368
59909767,0.0015259021896696368
59919464,0.0015259021896696368
59929791,0.0015259021896696368
59939673,0.0015259021896696368
59949473,0.0015259021896696368
59959616,0.0015259021896696368
59969742,0.0015259021896696368
59979452,0.0015259021896696368
59989791,0.0015259021896696368
59999657,0.0015259021896696368
60009475,0.0015259021896696368
60019610,0.0015259021896696368
60029800,0.0015259021896696368
60039488,0.0015259021896696368
60049754,0.0015259021896696368
60059613,0.0015259021896696368
60069501,0.0015259021896696368
60079607,0.0015259021896696368
60089767,0.0015259021896696368
60099485,0.0015259021896696368
60109729,0.0015259021896696368
60119638,0.0015259021896696368
60129514,0.0015259021896696368
60139610,0.0015259021896696368
60149792,0.0015259021896696368
60159489,0.0015259021896696368
60169751,0.0015259021896696368
60179671,0.0015259021896696368
60189485,0.0015259021896696368
60199615,0.0015259021896696368
60209742,0.0015259021896696368
60219475,0.0015259021896696368
60229730,0.0015259021896696368
60239614,0.0015259021896696368
60249500,0.0015259021896696368
60259597,0.0015259021896696368
60269788,0.0015259021896696368
60279477,0.0015259021896696368
60289804,0.0015259021896696368
60299627,0.0015259021896696368
60309492,0.0015259021896696368
60319639,0.0015259021896696368
60329738,0.0015259021896696368
60339481,0.0015259021896696368
60349798,0.0015259021896696368
60359601,0.0015259021896696368
60369480,0.0015259021896696368
60379632,0.0015259021896696368
60389772,0.0015259021896696368
60399478,0.0015259021896696368
60409793,0.0015259021896696368
60419648,0.0015259021896696368
60429489,0.0015259021896696368
60439628,0.0015259021896696368
60449748,0.0015259021896696368
60459467,0.0015259021896696368
60469767,0.0015259021896696368
60479654,0.0015259021896696368
60489485,0.0015259021896696368
60499625,0.0015259021896696368
60509725,0.0015259021896696368
60519466,0.0015259021896696368
60529775,0.0015259021896696368
60539665,0.0015259021896696368
60549485,0.0015259021896696368
60559619,0.0015259021896696368
60569765,0.0015259021896696368
60579469,0.0015259021896696368
60589792,0.0015259021896696368
60599672,0.0015259021896696368
60609483,0.0015259021896696368
60619620,0.0015259021896696368
60629757,0.0015259021896696368
60639467,0.0015259021896696368
60649797,0.0015259021896696368
60659672,0.0015259021896696368
60669473,0.0015259021896696368
60679654,0.0015259021896696368
60689811,0.0015259021896696368
60699472,0.0015259021896696368
60709757,0.0015259021896696368
60719673,0.0015259021896696368
60729466,0.0015259021896696368
60739619,0.0015259021896696368
60749747,0.0015259021896696368
60759470,0.0015259021896696368
60769779,0.0015259021896696368
60779622,0.0015259021896696368
60789494,0.0015259021896696368
60799607,0.0015259021896696368
60809755,0.0015259021896696368
60819495,0.0015259021896696368
60829757,0.0015259021896696368
60839668,0.0015259021896696368
60849495,0.0015259021896696368
60859620,0.0015259021896696368
60869775,0.0015259021896696368
60879482,0.0015259021896696368
60889742,0.0015259021896696368
60899652,0.0015259021896696368
60909493,0.0015259021896696368
60919609,0.0015259021896696368
60929755,0.0015259021896696368
60939486,0.0015259021896696368
60949729,0.0015259021896696368
60959620,0.0015259021896696368
60969487,0.0015259021896696368
60979605,0.0015259021896696368
60989759,0.0015259021896696368
60999484,0.0015259021896696368
61009741,0.0015259021896696368
61019651,0.0015259021896696368
61029491,0.0015259021896696368
61039635,0.0015259021896696368
61049742,0.0015259021896696368
61059485,0.0015259021896696368
61069809,0.0015259021896696368
61079612,0.0015259021896696368
61089485,0.0015259021896696368
61099632,0.0015259021896696368
61109773,0.0015259021896696368
61119488,0.0015259021896696368
61129782,0.0015259021896696368
61139672,0.0015259021896696368
61149504,0.0015259021896696368
61159634,0.0015259021896696368
61169787,0.0015259021896696368
61179487,0.0015259021896696368
61189766,0.0015259021896696368
61199618,0.0015259021896696368
61209478,0.0015259021896696368
61219628,0.0015259021896696368
61229751,0.0015259021896696368
61239487,0.0015259021896696368
61249793,0.0015259021896696368
61259665,0.0015259021896696368
61269485,0.0015259021896696368
61279629,0.0015259021896696368
61289769,0.0015259021896696368
61299474,0.0015259021896696368
61309758,0.0015259021896696368
61319631,0.0015259021896696368
61329474,0.0015259021896696368
61339632,0.0015259021896696368
61349789,0.0015259021896696368
61359471,0.0015259021896696368
61369792,0.0015259021896696368
61379690,0.0015259021896696368
61389484,0.0015259021896696368
61399626,0.0015259021896696368
61409763,0.0015259021896696368
61419470,0.0015259021896696368
61429769,0.0015259021896696368
61439654,0.0015259021896696368
61449484,0.0015259021896696368
61459617,0.0015259021896696368
61469763,0.0015259021896696368
61479476,0.0015259021896696368
61489792,0.0015259021896696368
61499644,0.0015259021896696368
61509464,0.0015259021896696368
61519623,0.0015259021896696368
61529776,0.0015259021896696368
61539502,0.0015259021896696368
61549738,0.0015259021896696368
61559632,0.0015259021896696368
61569495,0.0015259021896696368
61579624,0.0015259021896696368
61589799,0.0015259021896696368
61599494,0.0015259021896696368
61609789,0.0015259021896696368
61619650,0.0015259021896696368
61629513,0.0015259021896696368
61639614,0.0015259021896696368
61649818,0.0015259021896696368
61659494,0.0015259021896696368
61669790,0.0015259021896696368
61679626,0.0015259021896696368
61689491,0.0015259021896696368
61699611,0.0015259021896696368
61709766,0.0015259021896696368
61719488,0.0015259021896696368
61729517,0.0015259021896696368
61739657,0.0015259021896696368
61749507,0.0015259021896696368
61759611,0.0015259021896696368
61769746,0.0015259021896696368
61779503,0.0015259021896696368
61789774,0.0015259021896696368
61799645,0.0015259021896696368
61809675,0.0015259021896696368
61819642,0.0015259021896696368
61829754,0.0015259021896696368
61839494,0.0015259021896696368
61849791,0.0015259021896696368
61859614,0.0015259021896696368
61869493,0.0015259021896696368
61879640,0.0015259021896696368
61889753,0.0015259021896696368
61899481,0.0015259021896696368
61909773,0.0015259021896696368
61919621,0.0015259021896696368
61929495,0.0015259021896696368
61939639,0.0015259021896696368
61949792,0.0015259021896696368
61959493,0.0015259021896696368
61969806,0.0015259021896696368
61979621,0.0015259021896696368
61989488,0.0015259021896696368
61999636,0.0015259021896696368
62009747,0.0015259021896696368
62019481,0.0015259021896696368
62029772,0.0015259021896696368
62039662,0.0015259021896696368
62049502,0.0015259021896696368
62059630,0.0015259021896696368
62069847,0.0015259021896696368
62079480,0.0015259021896696368
62089799,0.0015259021896696368
62099648,0.0015259021896696368
62109483,0.0015259021896696368
62119627,0.0015259021896696368
62129778,0.0015259021896696368
62139477,0.0015259021896696368
62149802,0.0015259021896696368
62159636,0.0015259021896696368
62169479,0.0015259021896696368
62179624,0.0015259021896696368
62189765,0.0015259021896696368
62199476,0.0015259021896696368
62209750,0.0015259021896696368
62219664,0.0015259021896696368
62229495,0.0015259021896696368
62239630,0.0015259021896696368
62249762,0.0015259021896696368
62259469,0.0015259021896696368
62269747,0.0015259021896696368
62279646,0.0015259021896696368
62289506,0.0015259021896696368
62299626,0.0015259021896696368
62309765,0.0015259021896696368
62319497,0.0015259021896696368
62329814,0.0015259021896696368
62339659,0.0015259021896696368
62349506,0.0015259021896696368
62359620,0.0015259021896696368
62369794,0.0015259021896696368
62379497,0.0015259021896696368
62389754,0.0015259021896696368
62399664,0.0015259021896696368
62409513,0.0015259021896696368
62419621,0.0015259021896696368
62429757,0.0015259021896696368
62439495,0.0015259021896696368
62449762,0.0015259021896696368
62459651,0.0015259021896696368
62469507,0.0015259021896696368
62479616,0.0015259021896696368
62489759,0.0015259021896696368
62499500,0.0015259021896696368
62509765,0.0015259021896696368
62519627,0.0015259021896696368
62529738,0.0015259021896696368
62539644,0.0015259021896696368
62549756,0.0015259021896696368
62559491,0.0015259021896696368
62569811,0.0015259021896696368
62579722,0.0015259021896696368
62589509,0.0015259021896696368
62599641,0.0015259021896696368
62609753,0.0015259021896696368
62619494,0.0015259021896696368
62629771,0.0015259021896696368
62639624,0.0015259021896696368
62649505,0.0015259021896696368
62659639,0.0015259021896696368
62669776,0.0015259021896696368
62679497,0.0015259021896696368
62689815,0.0015259021896696368
62699652,0.0015259021896696368
62709494,0.0015259021896696368
62719653,0.0015259021896696368
62729807,0.0015259021896696368
62739496,0.0015259021896696368
62749804,0.0015259021896696368
62759742,0.0015259021896696368
62769506,0.0015259021896696368
62779640,0.0015259021896696368
62789777,0.0015259021896696368
62799487,0.0015259021896696368
62809771,0.0015259021896696368
62819701,0.0015259021896696368
62829491,0.0015259021896696368
62839635,0.0015259021896696368
62849777,0.0015259021896696368
62859491,0.0015259021896696368
62869763,0.0015259021896696368
62879645,0.0015259021896696368
62889486,0.0015259021896696368
62899676,0.0015259021896696368
62909827,0.0015259021896696368
62919485,0.0015259021896696368
62929789,0.0015259021896696368
62939647,0.0015259021896696368
62949494,0.0015259021896696368
62959637,0.0015259021896696368
62969794,0.0015259021896696368
62979489,0.0015259021896696368
62989797,0.0015259021896696368
62999666,0.0015259021896696368
63009487,0.0015259021896696368
63019628,0.0015259021896696368
63029807,0.0015259021896696368
63039503,0.0015259021896696368
63049809,0.0015259021896696368
63059637,0.0015259021896696368
63069517,0.0015259021896696368
63079641,0.0015259021896696368
63089781,0.0015259021896696368
63099515,0.0015259021896696368
63109750,0.0015259021896696368
63119649,0.0015259021896696368
63129507,0.0015259021896696368
63139628,0.0015259021896696368
63149815,0.0015259021896696368
63159504,0.0015259021896696368
63169798,0.0015259021896696368
63179641,0.0015259021896696368
63189515,0.0015259021896696368
63199627,0.0015259021896696368
63209759,0.0015259021896696368
63219502,0.0015259021896696368
63229769,0.0015259021896696368
63239638,0.0015259021896696368
63249504,0.0015259021896696368
63259626,0.0015259021896696368
63269789,0.0015259021896696368
63279496,0.0015259021896696368
63289789,0.0015259021896696368
63299656,0.0015259021896696368
63309524,0.0015259021896696368
63319652,0.0015259021896696368
63329812,0.0015259021896696368
63339500,0.0015259021896696368
63349780,0.0015259021896696368
63359687,0.0015259021896696368
63369504,0.0015259021896696368
63379652,0.0015259021896696368
63389763,0.0015259021896696368
63399492,0.0015259021896696368
63409817,0.0015259021896696368
63419647,0.0015259021896696368
63429504,0.0015259021896696368
63439645,0.0015259021896696368
63449760,0.0015259021896696368
63459491,0.0015259021896696368
63469815,0.0015259021896696368
63479653,0.0015259021896696368
63489497,0.0015259021896696368
63499644,0.0015259021896696368
63509752,0.0015259021896696368
63519503,0.0015259021896696368
63529844,0.0015259021896696368
63539661,0.0015259021896696368
63549506,0.0015259021896696368
63559643,0.0015259021896696368
63569784,0.0015259021896696368
63579490,0.0015259021896696368
63589818,0.0015259021896696368
63599686,0.0015259021896696368
63609502,0.0015259021896696368
63619647,0.0015259021896696368
63629832,0.0015259021896696368
63639488,0.0015259021896696368
63649812,0.0015259021896696368
63659646,0.0015259021896696368
63669501,0.0015259021896696368
63679639,0.0015259021896696368
63689806,0.0015259021896696368
63699487,0.0015259021896696368
63709766,0.0015259021896696368
63719672,0.0015259021896696368
63729492,0.0015259021896696368
63739634,0.0015259021896696368
63749832,0.0015259021896696368
63759498,0.0015259021896696368
63769812,0.0015259021896696368
63779642,0.0015259021896696368
63789532,0.0015259021896696368
63799632,0.0015259021896696368
63809768,0.0015259021896696368
63819507,0.0015259021896696368
63829810,0.0015259021896696368
63839668,0.0015259021896696368
63849526,0.0015259021896696368
63859631,0.0015259021896696368
63869766,0.0015259021896696368
63879523,0.0015259021896696368
63889803,0.0015259021896696368
63899663,0.0015259021896696368
63909512,0.0015259021896696368
63919633,0.0015259021896696368
63929783,0.0015259021896696368
63939521,0.0015259021896696368
63949748,0.0015259021896696368
63959684,0.0015259021896696368
63969503,0.0015259021896696368
63979631,0.0015259021896696368
63989777,0.0015259021896696368
63999512,0.0015259021896696368
64009792,0.0015259021896696368
64019673,0.0015259021896696368
64029509,0.0015259021896696368
64039657,0.0015259021896696368
64049766,0.0015259021896696368
64059497,0.0015259021896696368
64069821,0.0015259021896696368
64079630,0.0015259021896696368
64089502,0.0015259021896696368
64099650,0.0015259021896696368
64109767,0.0015259021896696368
64119512,0.0015259021896696368
64129794,0.0015259021896696368
64139654,0.0015259021896696368
64149515,0.0015259021896696368
64159649,0.0015259021896696368
64169802,0.0015259021896696368
64179495,0.0015259021896696368
64189819,0.0015259021896696368
64199665,0.0015259021896696368
64209502,0.0015259021896696368
64219654,0.0015259021896696368
64229757,0.0015259021896696368
64239492,0.0015259021896696368
64249824,0.0015259021896696368
64259626,0.0015259021896696368
64269497,0.0015259021896696368
64279646,0.0015259021896696368
64289833,0.0015259021896696368
64299499,0.0015259021896696368
64309778,0.0015259021896696368
64319705,0.0015259021896696368
64329508,0.0015259021896696368
64339645,0.0015259021896696368
64349801,0.0015259021896696368
64359524,0.0015259021896696368
64369808,0.0015259021896696368
64379657,0.0015259021896696368
64389543,0.0015259021896696368
64399659,0.0015259021896696368
64409788,0.0015259021896696368
64419497,0.0015259021896696368
64429768,0.0015259021896696368
64439652,0.0015259021896696368
64449498,0.0015259021896696368
64459640,0.0015259021896696368
64469800,0.0015259021896696368
64479489,0.0015259021896696368
64489813,0.0015259021896696368
64499667,0.0015259021896696368
64509495,0.0015259021896696368
64519643,0.0015259021896696368
64529789,0.0015259021896696368
64539514,0.0015259021896696368
64549770,0.0015259021896696368
64559705,0.0015259021896696368
64569544,0.0015259021896696368
64579641,0.0015259021896696368
64589796,0.0015259021896696368
64599518,0.0015259021896696368
64609764,0.0015259021896696368
64619646,0.0015259021896696368
64629527,0.0015259021896696368
64639642,0.0015259021896696368
64649826,0.0015259021896696368
64659514,0.0015259021896696368
64669762,0.0015259021896696368
64679651,0.0015259021896696368
64689522,0.0015259021896696368
64699635,0.0015259021896696368
64709821,0.0015259021896696368
64719519,0.0015259021896696368
64729544,0.0015259021896696368
64739649,0.0015259021896696368
64749507,0.0015259021896696368
64759630,0.0015259021896696368
64769793,0.0015259021896696368
64779514,0.0015259021896696368
64789800,0.0015259021896696368
64799639,0.0015259021896696368
64809586,0.0015259021896696368
64819658,0.0015259021896696368
64829767,0.0015259021896696368
64839508,0.0015259021896696368
64849818,0.0015259021896696368
64859641,0.0015259021896696368
64869516,0.0015259021896696368
64879670,0.0015259021896696368
64889815,0.0015259021896696368
64899507,0.0015259021896696368
64909784,0.0015259021896696368
64919643,0.0015259021896696368
64929506,0.0015259021896696368
64939656,0.0015259021896696368
64949759,0.0015259021896696368
64959498,0.0015259021896696368
64969789,0.0015259021896696368
64979646,0.0015259021896696368
64989512,0.0015259021896696368
64999652,0.0015259021896696368
65009772,0.0015259021896696368
65019509,0.0015259021896696368
65029796,0.0015259021896696368
65039675,0.0015259021896696368
65049500,0.0015259021896696368
65059657,0.0015259021896696368
65069838,0.0015259021896696368
65079498,0.0015259021896696368
65089835,0.0015259021896696368
65099691,0.0015259021896696368
65109513,0.0015259021896696368
65119653,0.0015259021896696368
65129787,0.0015259021896696368
65139507,0.0015259021896696368
65149781,0.0015259021896696368
65159684,0.0015259021896696368
65169511,0.0015259021896696368
65179649,0.0015259021896696368
65189802,0.0015259021896696368
65199499,0.0015259021896696368
65209772,0.0015259021896696368
65219685,0.0015259021896696368
65229504,0.0015259021896696368
65239652,0.0015259021896696368
65249795,0.0015259021896696368
65259499,0.0015259021896696368
65269809,0.0015259021896696368
65279683,0.0015259021896696368
65289590,0.0015259021896696368
65299643,0.0015259021896696368
65309797,0.0015259021896696368
65319524,0.0015259021896696368
65329785,0.0015259021896696368
65339677,0.0015259021896696368
65349537,0.0015259021896696368
65359647,0.0015259021896696368
65369776,0.0015259021896696368
65379528,0.0015259021896696368
65389771,0.0015259021896696368
65399655,0.0015259021896696368
65409544,0.0015259021896696368
65419636,0.0015259021896696368
65429814,0.0015259021896696368
65439528,0.0015259021896696368
65449766,0.0015259021896696368
65459649,0.0015259021896696368
65469525,0.0015259021896696368
65479634,0.0015259021896696368
65489773,0.0015259021896696368
65499523,0.0015259021896696368
65509770,0.0015259021896696368
65519698,0.0015259021896696368
65529519,0.0015259021896696368
65539667,0.0015259021896696368
65549776,0.0015259021896696368
65559509,0.0015259021896696368
65569816,0.0015259021896696368
65579652,0.0015259021896696368
65589535,0.0015259021896696368
65599669,0.0015259021896696368
65609796,0.0015259021896696368
65619514,0.0015259021896696368
65629795,0.0015259021896696368
65639687,0.0015259021896696368
65649535,0.0015259021896696368
65659665,0.0015259021896696368
65669788,0.0015259021896696368
65679509,0.0015259021896696368
65689823,0.0015259021896696368
65699647,0.0015259021896696368
65709520,0.0015259021896696368
65719657,0.0015259021896696368
65729785,0.0015259021896696368
65739525,0.0015259021896696368
65749799,0.0015259021896696368
65759698,0.0015259021896696368
65769506,0.0015259021896696368
65779663,0.0015259021896696368
65789795,0.0015259021896696368
65799501,0.0015259021896696368
65809828,0.0015259021896696368
65819698,0.0015259021896696368
65829508,0.0015259021896696368
65839653,0.0015259021896696368
65849839,0.0015259021896696368
65859512,0.0015259021896696368
65869833,0.0015259021896696368
65879692,0.0015259021896696368
65889503,0.0015259021896696368
65899668,0.0015259021896696368
65909816,0.0015259021896696368
65919503,0.0015259021896696368
65929807,0.0015259021896696368
65939667,0.0015259021896696368
65949505,0.0015259021896696368
65959653,0.0015259021896696368
65969793,0.0015259021896696368
65979506,0.0015259021896696368
65989785,0.0015259021896696368
65999666,0.0015259021896696368
66009509,0.0015259021896696368
66019647,0.0015259021896696368
66029820,0.0015259021896696368
66039533,0.0015259021896696368
66049801,0.0015259021896696368
66059686,0.0015259021896696368
66069539,0.0015259021896696368
66079663,0.0015259021896696368
66089786,0.0015259021896696368
66099530,0.0015259021896696368
66109821,0.0015259021896696368
66119663,0.0015259021896696368
66129530,0.0015259021896696368
66139649,0.0015259021896696368
66149790,0.0015259021896696368
66159525,0.0015259021896696368
66169771,0.0015259021896696368
66179678,0.0015259021896696368
66189547,0.0015259021896696368
66199648,0.0015259021896696368
66209798,0.0015259021896696368
66219529,0.0015259021896696368
66229795,0.0015259021896696368
66239709,0.0015259021896696368
66249527,0.0015259021896696368
66259639,0.0015259021896696368
66269813,0.0015259021896696368
66279519,0.0015259021896696368
66289847,0.0015259021896696368
66299660,0.0015259021896696368
66309599,0.0015259021896696368
66319677,0.0015259021896696368
66329760,0.0015259021896696368
66339531,0.0015259021896696368
66349810,0.0015259021896696368
66359682,0.0015259021896696368
66369528,0.0015259021896696368
66379673,0.0015259021896696368
66389789,0.0015259021896696368
66399511,0.0015259021896696368
66409812,0.0015259021896696368
66419665,0.0015259021896696368
66429521,0.0015259021896696368
66439668,0.0015259021896696368
66449817,0.0015259021896696368
66459511,0.0015259021896696368
66469797,0.0015259021896696368
66479670,0.0015259021896696368
66489522,0.0015259021896696368
66499669,0.0015259021896696368
66509778,0.0015259021896696368
66519520,0.0015259021896696368
66529812,0.0015259021896696368
66539720,0.0015259021896696368
66549549,0.0015259021896696368
66559664,0.0015259021896696368
66569805,0.0015259021896696368
66579522,0.0015259021896696368
66589790,0.0015259021896696368
66599670,0.0015259021896696368
66609535,0.0015259021896696368
66619657,0.0015259021896696368
66629838,0.0015259021896696368
66639514,0.0015259021896696368
66649827,0.0015259021896696368
66659722,0.0015259021896696368
66669505,0.0015259021896696368
66679659,0.0015259021896696368
66689804,0.0015259021896696368
66699511,0.0015259021896696368
66709787,0.0015259021896696368
66719691,0.0015259021896696368
66729510,0.0015259021896696368
66739659,0.0015259021896696368
66749802,0.0015259021896696368
66759511,0.0015259021896696368
66769834,0.0015259021896696368
66779696,0.0015259021896696368
66789550,0.0015259021896696368
66799651,0.0015259021896696368
66809807,0.0015259021896696368
66819529,0.0015259021896696368
66829783,0.0015259021896696368
66839690,0.0015259021896696368
66849595,0.0015259021896696368
66859655,0.0015259021896696368
66869834,0.0015259021896696368
66879525,0.0015259021896696368
66889779,0.0015259021896696368
66899693,0.0015259021896696368
66909528,0.0015259021896696368
66919655,0.0015259021896696368
66929807,0.0015259021896696368
66939531,0.0015259021896696368
66949789,0.0015259021896696368
66959707,0.0015259021896696368
66969526,0.0015259021896696368
66979653,0.0015259021896696368
66989790,0.0015259021896696368
66999521,0.0015259021896696368
67009815,0.0015259021896696368
67019664,0.0015259021896696368
67029530,0.0015259021896696368
67039680,0.0015259021896696368
67049790,0.0015259021896696368
67059517,0.0015259021896696368
67069815,0.0015259021896696368
67079707,0.0015259021896696368
67089600,0.0015259021896696368
67099690,0.0015259021896696368
67109788,0.0015259021896696368
67119518,0.0015259021896696368
67129835,0.0015259021896696368
67139660,0.0015259021896696368
67149530,0.0015259021896696368
67159674,0.0015259021896696368
67169793,0.0015259021896696368
67179517,0.0015259021896696368
67189849,0.0015259021896696368
67199661,0.0015259021896696368
67209521,0.0015259021896696368
67219678,0.0015259021896696368
67229669,0.0015259021896696368
67239582,0.0015259021896696368
67249842,0.0015259021896696368
67259692,0.0015259021896696368
67269527,0.0015259021896696368
67279666,0.0015259021896696368
67289807,0.0015259021896696368
67299512,0.0015259021896696368
67309804,0.0015259021896696368
67319680,0.0015259021896696368
67329549,0.0015259021896696368
67339675,0.0015259021896696368
67349809,0.0015259021896696368
67359510,0.0015259021896696368
67369800,0.0015259021896696368
67379698,0.0015259021896696368
67389521,0.0015259021896696368
67399667,0.0015259021896696368
67409803,0.0015259021896696368
67419509,0.0015259021896696368
67429792,0.0015259021896696368
67439718,0.0015259021896696368
67449532,0.0015259021896696368
67459673,0.0015259021896696368
67469804,0.0015259021896696368
67479511,0.0015259021896696368
67489791,0.0015259021896696368
67499697,0.0015259021896696368
67509518,0.0015259021896696368
67519663,0.0015259021896696368
67529803,0.0015259021896696368
67539549,0.0015259021896696368
67549794,0.0015259021896696368
67559674,0.0015259021896696368
67569547,0.0015259021896696368
67579671,0.0015259021896696368
67589815,0.0015259021896696368
67599538,0.0015259021896696368
67609784,0.0015259021896696368
67619792,0.0015259021896696368
67629540,0.0015259021896696368
67639686,0.0015259021896696368
67649792,0.0015259021896696368
67659539,0.0015259021896696368
67669827,0.0015259021896696368
67679724,0.0015259021896696368
67689541,0.0015259021896696368
67699652,0.0015259021896696368
67709809,0.0015259021896696368
67719535,0.0015259021896696368
67729795,0.0015259021896696368
67739710,0.0015259021896696368
67749548,0.0015259021896696368
67759654,0.0015259021896696368
67769813,0.0015259021896696368
67779542,0.0015259021896696368
67789840,0.0015259021896696368
67799697,0.0015259021896696368
67809559,0.0015259021896696368
67819677,0.0015259021896696368
67829792,0.0015259021896696368
67839589,0.0015259021896696368
67849863,0.0015259021896696368
67859676,0.0015259021896696368
67869666,0.0015259021896696368
67879676,0.0015259021896696368
67889793,0.0015259021896696368
67899523,0.0015259021896696368
67909809,0.0015259021896696368
67919715,0.0015259021896696368
67929694,0.0015259021896696368
67939804,0.0015259021896696368
67949786,0.0015259021896696368
67959525,0.0015259021896696368
67969811,0.0015259021896696368
67979788,0.0015259021896696368
67989641,0.0015259021896696368
67999673,0.0015259021896696368
68009786,0.0015259021896696368
68019526,0.0015259021896696368
68029832,0.0015259021896696368
68039732,0.0015259021896696368
68049532,0.0015259021896696368
68059689,0.0015259021896696368
68069813,0.0015259021896696368
68079528,0.0015259021896696368
68089860,0.0015259021896696368
68099696,0.0015259021896696368
68109585,0.0015259021896696368
68119673,0.0015259021896696368
68129814,0.0015259021896696368
68139519,0.0015259021896696368
68149808,0.0015259021896696368
68159811,0.0015259021896696368
68169537,0.0015259021896696368
68179669,0.0015259021896696368
68189825,0.0015259021896696368
68199520,0.0015259021896696368
68209802,0.0015259021896696368
68219693,0.0015259021896696368
68229536,0.0015259021896696368
68239666,0.0015259021896696368
68249812,0.0015259021896696368
68259519,0.0015259021896696368
68269861,0.0015259021896696368
68279707,0.0015259021896696368
68289553,0.0015259021896696368
68299666,0.0015259021896696368
68309825,0.0015259021896696368
68319552,0.0015259021896696368
68329835,0.0015259021896696368
68339726,0.0015259021896696368
68349550,0.0015259021896696368
68359661,0.0015259021896696368
68369831,0.0015259021896696368
68379538,0.0015259021896696368
68389830,0.0015259021896696368
68399702,0.0015259021896696368
68409543,0.0015259021896696368
68419684,0.0015259021896696368
68429810,0.0015259021896696368
68439536,0.0015259021896696368
68449790,0.0015259021896696368
68459725,0.0015259021896696368
68469540,0.0015259021896696368
68479666,0.0015259021896696368
68489831,0.0015259021896696368
68499536,0.0015259021896696368
68509793,0.0015259021896696368
68519681,0.0015259021896696368
68529550,0.0015259021896696368
68539685,0.0015259021896696368
68549803,0.0015259021896696368
68559531,0.0015259021896696368
68569819,0.0015259021896696368
68579717,0.0015259021896696368
68589538,0.0015259021896696368
68599687,0.0015259021896696368
68609824,0.0015259021896696368
68619535,0.0015259021896696368
68629832,0.0015259021896696368
68639786,0.0015259021896696368
68649546,0.0015259021896696368
68659684,0.0015259021896696368
68669796,0.0015259021896696368
68679533,0.0015259021896696368
68689823,0.0015259021896696368
68699695,0.0015259021896696368
68709649,0.0015259021896696368
68719687,0.0015259021896696368
68729793,0.0015259021896696368
68739532,0.0015259021896696368
68749816,0.0015259021896696368
68759684,0.0015259021896696368
68769543,0.0015259021896696368
68779680,0.0015259021896696368
68789826,0.0015259021896696368
68799525,0.0015259021896696368
68809815,0.0015259021896696368
68819747,0.0015259021896696368
68829535,0.0015259021896696368
68839682,0.0015259021896696368
68849846,0.0015259021896696368
68859533,0.0015259021896696368
68869802,0.0015259021896696368
68879744,0.0015259021896696368
68889527,0.0015259021896696368
68899676,0.0015259021896696368
68909821,0.0015259021896696368
68919532,0.0015259021896696368
68929823,0.0015259021896696368
68939715,0.0015259021896696368
68949555,0.0015259021896696368
68959679,0.0015259021896696368
68969818,0.0015259021896696368
68979522,0.0015259021896696368
68989846,0.0015259021896696368
68999688,0.0015259021896696368
69009527,0.0015259021896696368
69019666,0.0015259021896696368
69029829,0.0015259021896696368
69039547,0.0015259021896696368
69049835,0.0015259021896696368
69059728,0.0015259021896696368
69069557,0.0015259021896696368
69079684,0.0015259021896696368
69089804,0.0015259021896696368
69099554,0.0015259021896696368
69109787,0.0015259021896696368
69119703,0.0015259021896696368
69129546,0.0015259021896696368
69139666,0.0015259021896696368
69149816,0.0015259021896696368
69159540,0.0015259021896696368
69169799,0.0015259021896696368
69179730,0.0015259021896696368
69189542,0.0015259021896696368
69199671,0.0015259021896696368
69209806,0.0015259021896696368
69219546,0.0015259021896696368
69229808,0.0015259021896696368
69239699,0.0015259021896696368
69249543,0.0015259021896696368
69259659,0.0015259021896696368
69269811,0.0015259021896696368
69279546,0.0015259021896696368
69289830,0.0015259021896696368
69299674,0.0015259021896696368
69309548,0.0015259021896696368
69319695,0.0015259021896696368
69329844,0.0015259021896696368
69339551,0.0015259021896696368
69349865,0.0015259021896696368
69359722,0.0015259021896696368
69369533,0.0015259021896696368
69379690,0.0015259021896696368
69389812,0.0015259021896696368
69399535,0.0015259021896696368
69409864,0.0015259021896696368
69419696,0.0015259021896696368
69429688,0.0015259021896696368
69439689,0.0015259021896696368
69449798,0.0015259021896696368
69459546,0.0015259021896696368
69469854,0.0015259021896696368
69479670,0.0015259021896696368
69489562,0.0015259021896696368
69499688,0.0015259021896696368
69509822,0.0015259021896696368
69519535,0.0015259021896696368
69529832,0.0015259021896696368
69539729,0.0015259021896696368
69549532,0.0015259021896696368
69559685,0.0015259021896696368
69569853,0.0015259021896696368
69579528,0.0015259021896696368
69589818,0.0015259021896696368
69599729,0.0015259021896696368
69609561,0.0015259021896696368
69619680,0.0015259021896696368
69629816,0.0015259021896696368
69639532,0.0015259021896696368
69649860,0.0015259021896696368
69659694,0.0015259021896696368
69669526,0.0015259021896696368
69679676,0.0015259021896696368
69689833,0.0015259021896696368
69699535,0.0015259021896696368
69709812,0.0015259021896696368
69719712,0.0015259021896696368
69729552,0.0015259021896696368
69739680,0.0015259021896696368
69749832,0.0015259021896696368
69759530,0.0015259021896696368
69769816,0.0015259021896696368
69779712,0.0015259021896696368
69789565,0.0015259021896696368
69799674,0.0015259021896696368
69809823,0.0015259021896696368
69819563,0.0015259021896696368
69829841,0.0015259021896696368
69839685,0.0015259021896696368
69849563,0.0015259021896696368
69859671,0.0015259021896696368
69869838,0.0015259021896696368
69879568,0.0015259021896696368
69889806,0.0015259021896696368
69899690,0.0015259021896696368
69909553,0.0015259021896696368
69919670,0.0015259021896696368
69929827,0.0015259021896696368
69939556,0.0015259021896696368
69949847,0.0015259021896696368
69959683,0.0015259021896696368
69969558,0.0015259021896696368
69979673,0.0015259021896696368
69989813,0.0015259021896696368
69999550,0.0015259021896696368
70009800,0.0015259021896696368
70019680,0.0015259021896696368
70029555,0.0015259021896696368
70039700,0.0015259021896696368
70049805,0.0015259021896696368
70059541,0.0015259021896696368
70069837,0.0015259021896696368
70079727,0.0015259021896696368
70089541,0.0015259021896696368
70099691,0.0015259021896696368
70109821,0.0015259021896696368
70119540,0.0015259021896696368
70129859,0.0015259021896696368
70139701,0.0015259021896696368
70149554,0.0015259021896696368
70159694,0.0015259021896696368
70169804,0.0015259021896696368
70179546,0.0015259021896696368
70189866,0.0015259021896696368
70199672,0.0015259021896696368
70209542,0.0015259021896696368
70219697,0.0015259021896696368
70230944,0.0015259021896696368
70239871,0.0015259021896696368
70250027,0.0015259021896696368
70259736,0.0015259021896696368
70269574,0.0015259021896696368
70279688,0.0015259021896696368
70289822,0.0015259021896696368
70299539,0.0015259021896696368
70309828,0.0015259021896696368
70319730,0.0015259021896696368
70329548,0.0015259021896696368
70339681,0.0015259021896696368
70349849,0.0015259021896696368
70359538,0.0015259021896696368
70369823,0.0015259021896696368
70379691,0.0015259021896696368
70389553,0.0015259021896696368
70399686,0.0015259021896696368
70409857,0.0015259021896696368
70419539,0.0015259021896696368
70429852,0.0015259021896696368
70439709,0.0015259021896696368
70449566,0.0015259021896696368
70459681,0.0015259021896696368
70469853,0.0015259021896696368
70479535,0.0015259021896696368
70489868,0.0015259021896696368
70499691,0.0015259021896696368
70509550,0.0015259021896696368
70519680,0.0015259021896696368
70529847,0.0015259021896696368
70539564,0.0015259021896696368
70549862,0.0015259021896696368
70559713,0.0015259021896696368
70569562,0.0015259021896696368
70579692,0.0015259021896696368
70589845,0.0015259021896696368
70599556,0.0015259021896696368
70609807,0.0015259021896696368
70619717,0.0015259021896696368
70629553,0.0015259021896696368
70639683,0.0015259021896696368
70649813,0.0015259021896696368
70659556,0.0015259021896696368
70669859,0.0015259021896696368
70679729,0.0015259021896696368
70689554,0.0015259021896696368
70699687,0.0015259021896696368
70709815,0.0015259021896696368
70719561,0.0015259021896696368
70729837,0.0015259021896696368
70739709,0.0015259021896696368
70749567,0.0015259021896696368
70759679,0.0015259021896696368
70769811,0.0015259021896696368
70779556,0.0015259021896696368
70789834,0.0015259021896696368
70799691,0.0015259021896696368
70809559,0.0015259021896696368
70819704,0.0015259021896696368
70829847,0.0015259021896696368
70839545,0.0015259021896696368
70849842,0.0015259021896696368
70859710,0.0015259021896696368
70869561,0.0015259021896696368
70879701,0.0015259021896696368
70889806,0.0015259021896696368
70899555,0.0015259021896696368
70909836,0.0015259021896696368
70919674,0.0015259021896696368
70929549,0.0015259021896696368
70939703,0.0015259021896696368
70949824,0.0015259021896696368
70959554,0.0015259021896696368
70969861,0.0015259021896696368
70979701,0.0015259021896696368
70989548,0.0015259021896696368
70999696,0.0015259021896696368
71009834,0.0015259021896696368
71019546,0.0015259021896696368
71029840,0.0015259021896696368
71039715,0.0015259021896696368
71049541,0.0015259021896696368
71059693,0.0015259021896696368
71069858,0.0015259021896696368
71079541,0.0015259021896696368
71089824,0.0015259021896696368
71099724,0.0015259021896696368
71109548,0.0015259021896696368
71119692,0.0015259021896696368
71129824,0.0015259021896696368
71139540,0.0015259021896696368
71149820,0.0015259021896696368
71159728,0.0015259021896696368
71169537,0.0015259021896696368
71179690,0.0015259021896696368
71189830,0.0015259021896696368
71199534,0.0015259021896696368
71209823,0.0015259021896696368
71219693,0.0015259021896696368
71229549,0.0015259021896696368
71239694,0.0015259021896696368
71249878,0.0015259021896696368
71259543,0.0015259021896696368
71269823,0.0015259021896696368
71279702,0.0015259021896696368
71289576,0.0015259021896696368
71299678,0.0015259021896696368
71309824,0.0015259021896696368
71319559,0.0015259021896696368
71329855,0.0015259021896696368
71339757,0.0015259021896696368
71349573,0.0015259021896696368
71359683,0.0015259021896696368
71369856,0.0015259021896696368
71379565,0.0015259021896696368
71389844,0.0015259021896696368
71399707,0.0015259021896696368
71409580,0.0015259021896696368
71419684,0.0015259021896696368
71429824,0.0015259021896696368
71439556,0.0015259021896696368
71449820,0.0015259021896696368
71459749,0.0015259021896696368
71469555,0.0015259021896696368
71479684,0.0015259021896696368
71489830,0.0015259021896696368
71499554,0.0015259021896696368
71509844,0.0015259021896696368
71519725,0.0015259021896696368
71529691,0.0015259021896696368
71539723,0.0015259021896696368
71549820,0.0015259021896696368
71559559,0.0015259021896696368
71569855,0.0015259021896696368
71579733,0.0015259021896696368
71589558,0.0015259021896696368
71599702,0.0015259021896696368
71609833,0.0015259021896696368
71619556,0.0015259021896696368
71629839,0.0015259021896696368
71639708,0.0015259021896696368
71649557,0.0015259021896696368
71659708,0.0015259021896696368
71669835,0.0015259021896696368
71679546,0.0015259021896696368
71689833,0.0015259021896696368
71699688,0.0015259021896696368
71709550,0.0015259021896696368
71719704,0.0015259021896696368
71729804,0.0015259021896696368
71739548,0.0015259021896696368
71749838,0.0015259021896696368
71759682,0.0015259021896696368
71769561,0.0015259021896696368
71779697,0.0015259021896696368
71789837,0.0015259021896696368
71799550,0.0015259021896696368
71809876,0.0015259021896696368
71819735,0.0015259021896696368
71829546,0.0015259021896696368
71839701,0.0015259021896696368
71849882,0.0015259021896696368
71859544,0.0015259021896696368
71869882,0.0015259021896696368
71879735,0.0015259021896696368
71889555,0.0015259021896696368
71899698,0.0015259021896696368
71909867,0.0015259021896696368
71919552,0.0015259021896696368
71929725,0.0015259021896696368
71939709,0.0015259021896696368
71949554,0.0015259021896696368
71959705,0.0015259021896696368
71969841,0.0015259021896696368
71979543,0.0015259021896696368
71989861,0.0015259021896696368
71999734,0.0015259021896696368
72009552,0.0015259021896696368
72019706,0.0015259021896696368
72029828,0.0015259021896696368
72039571,0.0015259021896696368
72049816,0.0015259021896696368
72059747,0.0015259021896696368
72069582,0.0015259021896696368
72079703,0.0015259021896696368
72089870,0.0015259021896696368
72099573,0.0015259021896696368
72109822,0.0015259021896696368
72119727,0.0015259021896696368
72129564,0.0015259021896696368
72139695,0.0015259021896696368
72149842,0.0015259021896696368
72159562,0.0015259021896696368
72169853,0.0015259021896696368
72179725,0.0015259021896696368
72189572,0.0015259021896696368
72199691,0.0015259021896696368
72209821,0.0015259021896696368
72219566,0.0015259021896696368
72229821,0.0015259021896696368
72239720,0.0015259021896696368
72249564,0.0015259021896696368
72259686,0.0015259021896696368
72269847,0.0015259021896696368
72279564,0.0015259021896696368
72289855,0.0015259021896696368
72299707,0.0015259021896696368
72309565,0.0015259021896696368
72319710,0.0015259021896696368
72329840,0.0015259021896696368
72339560,0.0015259021896696368
72349873,0.0015259021896696368
72359693,0.0015259021896696368
72369559,0.0015259021896696368
72379709,0.0015259021896696368
72389821,0.0015259021896696368
72399558,0.0015259021896696368
72409836,0.0015259021896696368
72419854,0.0015259021896696368
72429553,0.0015259021896696368
72439710,0.0015259021896696368
72449814,0.0015259021896696368
72459559,0.0015259021896696368
72469878,0.0015259021896696368
72479743,0.0015259021896696368
72489552,0.0015259021896696368
72499706,0.0015259021896696368
72509818,0.0015259021896696368
72519558,0.0015259021896696368
72529829,0.0015259021896696368
72539733,0.0015259021896696368
72549570,0.0015259021896696368
72559703,0.0015259021896696368
72569855,0.0015259021896696368
72579580,0.0015259021896696368
72589832,0.0015259021896696368
72599776,0.0015259021896696368
72609557,0.0015259021896696368
72619701,0.0015259021896696368
72629847,0.0015259021896696368
72639544,0.0015259021896696368
72649835,0.0015259021896696368
72659706,0.0015259021896696368
72669549,0.0015259021896696368
72679702,0.0015259021896696368
72689833,0.0015259021896696368
72699546,0.0015259021896696368
72709879,0.0015259021896696368
72719755,0.0015259021896696368
72729544,0.0015259021896696368
72739698,0.0015259021896696368
72749857,0.0015259021896696368
72759542,0.0015259021896696368
72769856,0.0015259021896696368
72779706,0.0015259021896696368
72789573,0.0015259021896696368
72799696,0.0015259021896696368
72809846,0.0015259021896696368
72819574,0.0015259021896696368
72829861,0.0015259021896696368
72839712,0.0015259021896696368
72849570,0.0015259021896696368
72859692,0.0015259021896696368
72869827,0.0015259021896696368
72879568,0.0015259021896696368
72889855,0.0015259021896696368
72899706,0.0015259021896696368
72909575,0.0015259021896696368
72919720,0.0015259021896696368
72929834,0.0015259021896696368
72939584,0.0015259021896696368
72949833,0.0015259021896696368
72959709,0.0015259021896696368
72969580,0.0015259021896696368
72979691,0.0015259021896696368
72989869,0.0015259021896696368
72999571,0.0015259021896696368
73009822,0.0015259021896696368
73019696,0.0015259021896696368
73029567,0.0015259021896696368
73039717,0.0015259021896696368
73049830,0.0015259021896696368
73059560,0.0015259021896696368
73069852,0.0015259021896696368
73079762,0.0015259021896696368
73089579,0.0015259021896696368
73099719,0.0015259021896696368
73109839,0.0015259021896696368
73119560,0.0015259021896696368
73129847,0.0015259021896696368
73139723,0.0015259021896696368
73149573,0.0015259021896696368
73159719,0.0015259021896696368
73169848,0.0015259021896696368
73179570,0.0015259021896696368
73189885,0.0015259021896696368
73199716,0.0015259021896696368
73209563,0.0015259021896696368
73219733,0.0015259021896696368
73229915,0.0015259021896696368
73239561,0.0015259021896696368
73249894,0.0015259021896696368
73259750,0.0015259021896696368
73269563,0.0015259021896696368
73279715,0.0015259021896696368
73289875,0.0015259021896696368
73299568,0.0015259021896696368
73309834,0.0015259021896696368
73319781,0.0015259021896696368
73329563,0.0015259021896696368
73339709,0.0015259021896696368
73349862,0.0015259021896696368
73359552,0.0015259021896696368
73369848,0.0015259021896696368
73379783,0.0015259021896696368
73389594,0.0015259021896696368
73399710,0.0015259021896696368
73409877,0.0015259021896696368
73419552,0.0015259021896696368
73429840,0.0015259021896696368
73439775,0.0015259021896696368
73449554,0.0015259021896696368
73459741,0.0015259021896696368
73469877,0.0015259021896696368
73479556,0.0015259021896696368
73489839,0.0015259021896696368
73499709,0.0015259021896696368
73509561,0.0015259021896696368
73519705,0.0015259021896696368
73529882,0.0015259021896696368
73539595,0.0015259021896696368
73549881,0.0015259021896696368
73559737,0.0015259021896696368
73569590,0.0015259021896696368
73579708,0.0015259021896696368
73589889,0.0015259021896696368
73599575,0.0015259021896696368
73609865,0.0015259021896696368
73619715,0.0015259021896696368
73629586,0.0015259021896696368
73639705,0.0015259021896696368
73649850,0.0015259021896696368
73659581,0.0015259021896696368
73669869,0.0015259021896696368
73679716,0.0015259021896696368
73689585,0.0015259021896696368
73699697,0.0015259021896696368
73709837,0.0015259021896696368
73719570,0.0015259021896696368
73729843,0.0015259021896696368
73739730,0.0015259021896696368
73749588,0.0015259021896696368
73761118,0.0015259021896696368
73769835,0.0015259021896696368
73779582,0.0015259021896696368
73789871,0.0015259021896696368
73799927,0.0015259021896696368
73809904,0.0015259021896696368
73819728,0.0015259021896696368
73829889,0.0015259021896696368
73839589,0.0015259021896696368
73849852,0.0015259021896696368
73859745,0.0015259021896696368
73869567,0.0015259021896696368
73879720,0.0015259021896696368
73889833,0.0015259021896696368
73899573,0.0015259021896696368
73909838,0.0015259021896696368
73919753,0.0015259021896696368
73929564,0.0015259021896696368
73939725,0.0015259021896696368
73949826,0.0015259021896696368
73959562,0.0015259021896696368
73969869,0.0015259021896696368
73979750,0.0015259021896696368
73989574,0.0015259021896696368
73999711,0.0015259021896696368
74009821,0.0015259021896696368
74019569,0.0015259021896696368
74029849,0.0015259021896696368
74039746,0.0015259021896696368
74049566,0.0015259021896696368
74059718,0.0015259021896696368
74069857,0.0015259021896696368
74079559,0.0015259021896696368
74089852,0.0015259021896696368
74099759,0.0015259021896696368
74109574,0.0015259021896696368
74119714,0.0015259021896696368
74129853,0.0015259021896696368
74139559,0.0015259021896696368
74149883,0.0015259021896696368
74159718,0.0015259021896696368
74169576,0.0015259021896696368
74179718,0.0015259021896696368
74189855,0.0015259021896696368
74199552,0.0015259021896696368
74209881,0.0015259021896696368
74219736,0.0015259021896696368
74229565,0.0015259021896696368
74239712,0.0015259021896696368
74249853,0.0015259021896696368
74259576,0.0015259021896696368
74279719,0.0015259021896696368
74269838,0.0015259021896696368
74289597,0.0015259021896696368
74299704,0.0015259021896696368
74309874,0.0015259021896696368
74319648,0.0015259021896696368
74329841,0.0015259021896696368
74339746,0.0015259021896696368
74349597,0.0015259021896696368
74359708,0.0015259021896696368
74369877,0.0015259021896696368
74379591,0.0015259021896696368
74389881,0.0015259021896696368
74399718,0.0015259021896696368
74409582,0.0015259021896696368
74419707,0.0015259021896696368
74429936,0.0015259021896696368
74439579,0.0015259021896696368
74449880,0.0015259021896696368
74459741,0.0015259021896696368
74469587,0.0015259021896696368
74479700,0.0015259021896696368
74489864,0.0015259021896696368
74499579,0.0015259021896696368
74509858,0.0015259021896696368
74519819,0.0015259021896696368
74529583,0.0015259021896696368
74539738,0.0015259021896696368
74549857,0.0015259021896696368
74559588,0.0015259021896696368
74569872,0.0015259021896696368
74579711,0.0015259021896696368
74589571,0.0015259021896696368
74599723,0.0015259021896696368
74609841,0.0015259021896696368
74619583,0.0015259021896696368
74629866,0.0015259021896696368
74639825,0.0015259021896696368
74649576,0.0015259021896696368
74659850,0.0015259021896696368
74679577,0.0015259021896696368
74669838,0.0015259021896696368
74689851,0.0015259021896696368
74699731,0.0015259021896696368
74709569,0.0015259021896696368
74719722,0.0015259021896696368
74729853,0.0015259021896696368
74739573,0.0015259021896696368
74749898,0.0015259021896696368
74759723,0.0015259021896696368
74769582,0.0015259021896696368
74779719,0.0015259021896696368
74789865,0.0015259021896696368
74799570,0.0015259021896696368
74809888,0.0015259021896696368
74819789,0.0015259021896696368
74829574,0.0015259021896696368
74839721,0.0015259021896696368
74849884,0.0015259021896696368
74859574,0.0015259021896696368
74869848,0.0015259021896696368
74879785,0.0015259021896696368
74889561,0.0015259021896696368
74899722,0.0015259021896696368
74909862,0.0015259021896696368
74919567,0.0015259021896696368
74929747,0.0015259021896696368
74939764,0.0015259021896696368
74949561,0.0015259021896696368
74959718,0.0015259021896696368
74969870,0.0015259021896696368
74979569,0.0015259021896696368
74989847,0.0015259021896696368
74999721,0.0015259021896696368
75009570,0.0015259021896696368
75019715,0.0015259021896696368
75029874,0.0015259021896696368
75039587,0.0015259021896696368
75049860,0.0015259021896696368
75059746,0.0015259021896696368
75069589,0.0015259021896696368
75079708,0.0015259021896696368
75089864,0.0015259021896696368
75099586,0.0015259021896696368
75109859,0.0015259021896696368
75119720,0.0015259021896696368
75129572,0.0015259021896696368
75139711,0.0015259021896696368
75149877,0.0015259021896696368
75159586,0.0015259021896696368
75169872,0.0015259021896696368
75179767,0.0015259021896696368
75189579,0.0015259021896696368
75199713,0.0015259021896696368
75209846,0.0015259021896696368
75219596,0.0015259021896696368
75229837,0.0015259021896696368
75239743,0.0015259021896696368
75249582,0.0015259021896696368
75259704,0.0015259021896696368
75269849,0.0015259021896696368
75279587,0.0015259021896696368
75289867,0.0015259021896696368
75299723,0.0015259021896696368
75309584,0.0015259021896696368
75319731,0.0015259021896696368
75329846,0.0015259021896696368
75339580,0.0015259021896696368
75349902,0.0015259021896696368
75359767,0.0015259021896696368
75369584,0.0015259021896696368
75379732,0.0015259021896696368
75389842,0.0015259021896696368
75399591,0.0015259021896696368
75409898,0.0015259021896696368
75419715,0.0015259021896696368
75429592,0.0015259021896696368
75439729,0.0015259021896696368
75449842,0.0015259021896696368
75459579,0.0015259021896696368
75469864,0.0015259021896696368
75479721,0.0015259021896696368
75489577,0.0015259021896696368
75499731,0.0015259021896696368
75509841,0.0015259021896696368
75519588,0.0015259021896696368
75529898,0.0015259021896696368
75539774,0.0015259021896696368
75549584,0.0015259021896696368
75559724,0.0015259021896696368
75569864,0.0015259021896696368
75579586,0.0015259021896696368
75589860,0.0015259021896696368
75599744,0.0015259021896696368
75609578,0.0015259021896696368
75619721,0.0015259021896696368
75629861,0.0015259021896696368
75639573,0.0015259021896696368
75649902,0.0015259021896696368
75659797,0.0015259021896696368
75669573,0.0015259021896696368
75679722,0.0015259021896696368
75689852,0.0015259021896696368
75699569,0.0015259021896696368
75709886,0.0015259021896696368
75719733,0.0015259021896696368
75729568,0.0015259021896696368
75739724,0.0015259021896696368
75749874,0.0015259021896696368
75759560,0.0015259021896696368
75769883,0.0015259021896696368
75779757,0.0015259021896696368
75789596,0.0015259021896696368
75799895,0.0015259021896696368
75809868,0.0015259021896696368
75819589,0.0015259021896696368
75829848,0.0015259021896696368
75839751,0.0015259021896696368
75849598,0.0015259021896696368
75859715,0.0015259021896696368
75869846,0.0015259021896696368
75879590,0.0015259021896696368
75889854,0.0015259021896696368
75899762,0.0015259021896696368
75909598,0.0015259021896696368
75919715,0.0015259021896696368
75929877,0.0015259021896696368
75939592,0.0015259021896696368
75949851,0.0015259021896696368
75959749,0.0015259021896696368
75969600,0.0015259021896696368
75979717,0.0015259021896696368
75989897,0.0015259021896696368
75999583,0.0015259021896696368
76009873,0.0015259021896696368
76019776,0.0015259021896696368
76029593,0.0015259021896696368
76039746,0.0015259021896696368
76049892,0.0015259021896696368
76059599,0.0015259021896696368
76069875,0.0015259021896696368
76079755,0.0015259021896696368
76089595,0.0015259021896696368
76099741,0.0015259021896696368
76109912,0.0015259021896696368
76119594,0.0015259021896696368
76129910,0.0015259021896696368
76139746,0.0015259021896696368
76149607,0.0015259021896696368
76159732,0.0015259021896696368
76169874,0.0015259021896696368
76179587,0.0015259021896696368
76189905,0.0015259021896696368
76199738,0.0015259021896696368
76209589,0.0015259021896696368
76219735,0.0015259021896696368
76229723,0.0015259021896696368
76239581,0.0015259021896696368
76249870,0.0015259021896696368
76259707,0.0015259021896696368
76269579,0.0015259021896696368
76279734,0.0015259021896696368
76289914,0.0015259021896696368
76299569,0.0015259021896696368
76309863,0.0015259021896696368
76319796,0.0015259021896696368
76329763,0.0015259021896696368
76339731,0.0015259021896696368
76349911,0.0015259021896696368
76359579,0.0015259021896696368
76369902,0.0015259021896696368
76379793,0.0015259021896696368
76389578,0.0015259021896696368
76399738,0.0015259021896696368
76409864,0.0015259021896696368
76419568,0.0015259021896696368
76429852,0.0015259021896696368
76439770,0.0015259021896696368
76449585,0.0015259021896696368
76459734,0.0015259021896696368
76469906,0.0015259021896696368
76479569,0.0015259021896696368
76489867,0.0015259021896696368
76499727,0.0015259021896696368
76509568,0.0015259021896696368
76519728,0.0015259021896696368
76529869,0.0015259021896696368
76539609,0.0015259021896696368
76549895,0.0015259021896696368
76559757,0.0015259021896696368
76569602,0.0015259021896696368
76579733,0.0015259021896696368
76589868,0.0015259021896696368
76599602,0.0015259021896696368
76609853,0.0015259021896696368
76619728,0.0015259021896696368
76629605,0.0015259021896696368
76639719,0.0015259021896696368
76649857,0.0015259021896696368
76659595,0.0015259021896696368
76669873,0.0015259021896696368
76679752,0.0015259021896696368
76689594,0.0015259021896696368
76699721,0.0015259021896696368
76709887,0.0015259021896696368
76719603,0.0015259021896696368
76729853,0.0015259021896696368
76739786,0.0015259021896696368
76749601,0.0015259021896696368
76759720,0.0015259021896696368
76769861,0.0015259021896696368
76779596,0.0015259021896696368
76789920,0.0015259021896696368
76799758,0.0015259021896696368
76809596,0.0015259021896696368
76819745,0.0015259021896696368
76829850,0.0015259021896696368
76839590,0.0015259021896696368
76849918,0.0015259021896696368
76859766,0.0015259021896696368
76869591,0.0015259021896696368
76879741,0.0015259021896696368
76889852,0.0015259021896696368
76899587,0.0015259021896696368
76909907,0.0015259021896696368
76919743,0.0015259021896696368
76929590,0.0015259021896696368
76939739,0.0015259021896696368
76949873,0.0015259021896696368
76959585,0.0015259021896696368
76969917,0.0015259021896696368
76979742,0.0015259021896696368
76989587,0.0015259021896696368
76999738,0.0015259021896696368
77009836,0.0015259021896696368
77019588,0.0015259021896696368
77029876,0.0015259021896696368
77039775,0.0015259021896696368
77049599,0.0015259021896696368
77059743,0.0015259021896696368
77069876,0.0015259021896696368
77079587,0.0015259021896696368
77089884,0.0015259021896696368
77099767,0.0015259021896696368
77109583,0.0015259021896696368
77119730,0.0015259021896696368
77129878,0.0015259021896696368
77139583,0.0015259021896696368
77149882,0.0015259021896696368
77159744,0.0015259021896696368
77169591,0.0015259021896696368
77179731,0.0015259021896696368
77189894,0.0015259021896696368
77199577,0.0015259021896696368
77209866,0.0015259021896696368
77219808,0.0015259021896696368
77229586,0.0015259021896696368
77239733,0.0015259021896696368
77249918,0.0015259021896696368
77259579,0.0015259021896696368
77269897,0.0015259021896696368
77279794,0.0015259021896696368
77289612,0.0015259021896696368
77299727,0.0015259021896696368
77309902,0.0015259021896696368
77319619,0.0015259021896696368
77329902,0.0015259021896696368
77339762,0.0015259021896696368
77349606,0.0015259021896696368
77359730,0.0015259021896696368
77369860,0.0015259021896696368
77379601,0.0015259021896696368
77389902,0.0015259021896696368
77399839,0.0015259021896696368
77409616,0.0015259021896696368
77419725,0.0015259021896696368
77429882,0.0015259021896696368
77439601,0.0015259021896696368
77449845,0.0015259021896696368
77459741,0.0015259021896696368
77469597,0.0015259021896696368
77479719,0.0015259021896696368
77489885,0.0015259021896696368
77499604,0.0015259021896696368
77509883,0.0015259021896696368
77519733,0.0015259021896696368
77529609,0.0015259021896696368
77539747,0.0015259021896696368
77549900,0.0015259021896696368
77559607,0.0015259021896696368
77569887,0.0015259021896696368
77579777,0.0015259021896696368
77589596,0.0015259021896696368
77599753,0.0015259021896696368
77609891,0.0015259021896696368
77619695,0.0015259021896696368
77629917,0.0015259021896696368
77639744,0.0015259021896696368
77649609,0.0015259021896696368
77659746,0.0015259021896696368
77669864,0.0015259021896696368
77679591,0.0015259021896696368
77689920,0.0015259021896696368
77699754,0.0015259021896696368
77709601,0.0015259021896696368
77719750,0.0015259021896696368
77729749,0.0015259021896696368
77739589,0.0015259021896696368
77749881,0.0015259021896696368
77759731,0.0015259021896696368
77769588,0.0015259021896696368
77779780,0.0015259021896696368
77789911,0.0015259021896696368
77799598,0.0015259021896696368
77809868,0.0015259021896696368
77819750,0.0015259021896696368
77829605,0.0015259021896696368
77839746,0.0015259021896696368
77849880,0.0015259021896696368
77859593,0.0015259021896696368
77869909,0.0015259021896696368
77879780,0.0015259021896696368
77889595,0.0015259021896696368
77899738,0.0015259021896696368
77909883,0.0015259021896696368
77919591,0.0015259021896696368
77929858,0.0015259021896696368
77939773,0.0015259021896696368
77949595,0.0015259021896696368
77959740,0.0015259021896696368
77969899,0.0015259021896696368
77979584,0.0015259021896696368
77989865,0.0015259021896696368
77999748,0.0015259021896696368
78009578,0.0015259021896696368
78019728,0.0015259021896696368
78029897,0.0015259021896696368
78039613,0.0015259021896696368
78049887,0.0015259021896696368
78059768,0.0015259021896696368
78069607,0.0015259021896696368
78079737,0.0015259021896696368
78089875,0.0015259021896696368
78099620,0.0015259021896696368
78109865,0.0015259021896696368
78119762,0.0015259021896696368
78129612,0.0015259021896696368
78139726,0.0015259021896696368
78149865,0.0015259021896696368
78159608,0.0015259021896696368
78169854,0.0015259021896696368
78179765,0.0015259021896696368
78189610,0.0015259021896696368
78199740,0.0015259021896696368
78209861,0.0015259021896696368
78219620,0.0015259021896696368
78229885,0.0015259021896696368
78239762,0.0015259021896696368
78249601,0.0015259021896696368
78259727,0.0015259021896696368
78269868,0.0015259021896696368
78279615,0.0015259021896696368
78289889,0.0015259021896696368
78299746,0.0015259021896696368
78309614,0.0015259021896696368
78319755,0.0015259021896696368
78329871,0.0015259021896696368
78339607,0.0015259021896696368
78349882,0.0015259021896696368
78359753,0.0015259021896696368
78369604,0.0015259021896696368
78379743,0.0015259021896696368
78389857,0.0015259021896696368
78399594,0.0015259021896696368
78409897,0.0015259021896696368
78419785,0.0015259021896696368
78429746,0.0015259021896696368
78439879,0.0015259021896696368
78449859,0.0015259021896696368
78459593,0.0015259021896696368
78469880,0.0015259021896696368
78479727,0.0015259021896696368
78489599,0.0015259021896696368
78499755,0.0015259021896696368
78509854,0.0015259021896696368
78519593,0.0015259021896696368
78529881,0.0015259021896696368
78539761,0.0015259021896696368
78549600,0.0015259021896696368
78559868,0.0015259021896696368
78569882,0.0015259021896696368
78579597,0.0015259021896696368
78589879,0.0015259021896696368
78599752,0.0015259021896696368
78609604,0.0015259021896696368
78619741,0.0015259021896696368
78629878,0.0015259021896696368
78639593,0.0015259021896696368
78649919,0.0015259021896696368
78659813,0.0015259021896696368
78669662,0.0015259021896696368
78679749,0.0015259021896696368
78689884,0.0015259021896696368
78699591,0.0015259021896696368
78709870,0.0015259021896696368
78719752,0.0015259021896696368
78729592,0.0015259021896696368
78739745,0.0015259021896696368
78749901,0.0015259021896696368
78759597,0.0015259021896696368
78769885,0.0015259021896696368
78779747,0.0015259021896696368
78789622,0.0015259021896696368
78799738,0.0015259021896696368
78809882,0.0015259021896696368
78819611,0.0015259021896696368
78829857,0.0015259021896696368
78839774,0.0015259021896696368
78849619,0.0015259021896696368
78859734,0.0015259021896696368
78869877,0.0015259021896696368
78879611,0.0015259021896696368
78889896,0.0015259021896696368
78899771,0.0015259021896696368
78909622,0.0015259021896696368
78919734,0.0015259021896696368
78929876,0.0015259021896696368
78939620,0.0015259021896696368
78949885,0.0015259021896696368
78959797,0.0015259021896696368
78969612,0.0015259021896696368
78979738,0.0015259021896696368
78989878,0.0015259021896696368
78999613,0.0015259021896696368
79009866,0.0015259021896696368
79019739,0.0015259021896696368
79029608,0.0015259021896696368
79039765,0.0015259021896696368
79049900,0.0015259021896696368
79059608,0.0015259021896696368
79069888,0.0015259021896696368
79079790,0.0015259021896696368
79089610,0.0015259021896696368
79099759,0.0015259021896696368
79109883,0.0015259021896696368
79119602,0.0015259021896696368
79129923,0.0015259021896696368
79139769,0.0015259021896696368
79149601,0.0015259021896696368
79159764,0.0015259021896696368
79169893,0.0015259021896696368
79179608,0.0015259021896696368
79189927,0.0015259021896696368
79199771,0.0015259021896696368
79209603,0.0015259021896696368
79219795,0.0015259021896696368
79229866,0.0015259021896696368
79239615,0.0015259021896696368
79249920,0.0015259021896696368
79259778,0.0015259021896696368
79269605,0.0015259021896696368
79279755,0.0015259021896696368
79289893,0.0015259021896696368
79299610,0.0015259021896696368
79309882,0.0015259021896696368
79319785,0.0015259021896696368
79329738,0.0015259021896696368
79339751,0.0015259021896696368
79349918,0.0015259021896696368
79359600,0.0015259021896696368
79369867,0.0015259021896696368
79379783,0.0015259021896696368
79389591,0.0015259021896696368
79399749,0.0015259021896696368
79409894,0.0015259021896696368
79419603,0.0015259021896696368
79429882,0.0015259021896696368
79439789,0.0015259021896696368
79449595,0.0015259021896696368
79459745,0.0015259021896696368
79469893,0.0015259021896696368
79479598,0.0015259021896696368
79489877,0.0015259021896696368
79499756,0.0015259021896696368
79509593,0.0015259021896696368
79519751,0.0015259021896696368
79529880,0.0015259021896696368
79539628,0.0015259021896696368
79549873,0.0015259021896696368
79559775,0.0015259021896696368
79569624,0.0015259021896696368
79579745,0.0015259021896696368
79589912,0.0015259021896696368
79599616,0.0015259021896696368
79609889,0.0015259021896696368
79619782,0.0015259021896696368
79629791,0.0015259021896696368
79639869,0.0015259021896696368
79649892,0.0015259021896696368
79659626,0.0015259021896696368
79669868,0.0015259021896696368
79679806,0.0015259021896696368
79689626,0.0015259021896696368
79699893,0.0015259021896696368
79709911,0.0015259021896696368
79719625,0.0015259021896696368
79729862,0.0015259021896696368
79739784,0.0015259021896696368
79749623,0.0015259021896696368
79759746,0.0015259021896696368
79769898,0.0015259021896696368
79779619,0.0015259021896696368
79789882,0.0015259021896696368
79799745,0.0015259021896696368
79809615,0.0015259021896696368
79819767,0.0015259021896696368
79829877,0.0015259021896696368
79839630,0.0015259021896696368
79849892,0.0015259021896696368
79859749,0.0015259021896696368
79869616,0.0015259021896696368
79879760,0.0015259021896696368
79889871,0.0015259021896696368
79899607,0.0015259021896696368
79909897,0.0015259021896696368
79919742,0.0015259021896696368
79929618,0.0015259021896696368
79939758,0.0015259021896696368
79949876,0.0015259021896696368
79959609,0.0015259021896696368
79969934,0.0015259021896696368
79979735,0.0015259021896696368
79989623,0.0015259021896696368
79999759,0.0015259021896696368
80009890,0.0015259021896696368
80019603,0.0015259021896696368
80029895,0.0015259021896696368
80039789,0.0015259021896696368
80049616,0.0015259021896696368
80059762,0.0015259021896696368
80069925,0.0015259021896696368
80079597,0.0015259021896696368
80089891,0.0015259021896696368
80099774,0.0015259021896696368
80109605,0.0015259021896696368
80119758,0.0015259021896696368
80129901,0.0015259021896696368
80139601,0.0015259021896696368
80149922,0.0015259021896696368
80159789,0.0015259021896696368
80169610,0.0015259021896696368
80179768,0.0015259021896696368
80189897,0.0015259021896696368
80199595,0.0015259021896696368
80209916,0.0015259021896696368
80219779,0.0015259021896696368
80229612,0.0015259021896696368
80239747,0.0015259021896696368
80249921,0.0015259021896696368
80259596,0.0015259021896696368
80269885,0.0015259021896696368
80279763,0.0015259021896696368
80289641,0.0015259021896696368
80299752,0.0015259021896696368
80309885,0.0015259021896696368
80319624,0.0015259021896696368
80329876,0.0015259021896696368
80339782,0.0015259021896696368
80349631,0.0015259021896696368
80359749,0.0015259021896696368
80369884,0.0015259021896696368
80379628,0.0015259021896696368
80389883,0.0015259021896696368
80399762,0.0015259021896696368
80409645,0.0015259021896696368
80419767,0.0015259021896696368
80429771,0.0015259021896696368
80439636,0.0015259021896696368
80449880,0.0015259021896696368
80459758,0.0015259021896696368
80469624,0.0015259021896696368
80479749,0.0015259021896696368
80489878,0.0015259021896696368
80499616,0.0015259021896696368
80509871,0.0015259021896696368
80519775,0.0015259021896696368
80529624,0.0015259021896696368
80539793,0.0015259021896696368
80549887,0.0015259021896696368
80559625,0.0015259021896696368
80569899,0.0015259021896696368
80579796,0.0015259021896696368
80589616,0.0015259021896696368
80599766,0.0015259021896696368
80609880,0.0015259021896696368
80619612,0.0015259021896696368
80629920,0.0015259021896696368
80639765,0.0015259021896696368
80649623,0.0015259021896696368
80659767,0.0015259021896696368
80669881,0.0015259021896696368
80679616,0.0015259021896696368
80689891,0.0015259021896696368
80699759,0.0015259021896696368
80709617,0.0015259021896696368
80719771,0.0015259021896696368
80729867,0.0015259021896696368
80739618,0.0015259021896696368
80749906,0.0015259021896696368
80759759,0.0015259021896696368
80769611,0.0015259021896696368
80779761,0.0015259021896696368
80789909,0.0015259021896696368
80799620,0.0015259021896696368
80809903,0.0015259021896696368
80819769,0.0015259021896696368
80829799,0.0015259021896696368
80839759,0.0015259021896696368
80849898,0.0015259021896696368
80859622,0.0015259021896696368
80869892,0.0015259021896696368
80879799,0.0015259021896696368
80889610,0.0015259021896696368
80899756,0.0015259021896696368
80909904,0.0015259021896696368
80919617,0.0015259021896696368
80929926,0.0015259021896696368
80939793,0.0015259021896696368
80949619,0.0015259021896696368
80959752,0.0015259021896696368
80969917,0.0015259021896696368
80979613,0.0015259021896696368
80989921,0.0015259021896696368
80999775,0.0015259021896696368
81009610,0.0015259021896696368
81019748,0.0015259021896696368
81029765,0.0015259021896696368
81039635,0.0015259021896696368
81049899,0.0015259021896696368
81059929,0.0015259021896696368
81069637,0.0015259021896696368
81079761,0.0015259021896696368
81089912,0.0015259021896696368
81099636,0.0015259021896696368
81109881,0.0015259021896696368
81119769,0.0015259021896696368
81129632,0.0015259021896696368
81139751,0.0015259021896696368
81149904,0.0015259021896696368
81159635,0.0015259021896696368
81169884,0.0015259021896696368
81179763,0.0015259021896696368
81189625,0.0015259021896696368
81199779,0.0015259021896696368
81209902,0.0015259021896696368
81219628,0.0015259021896696368
81229916,0.0015259021896696368
81239780,0.0015259021896696368
81249635,0.0015259021896696368
81259748,0.0015259021896696368
81269900,0.0015259021896696368
81279619,0.0015259021896696368
81289917,0.0015259021896696368
81299759,0.0015259021896696368
81309623,0.0015259021896696368
81319781,0.0015259021896696368
81329888,0.0015259021896696368
81339622,0.0015259021896696368
81349943,0.0015259021896696368
81359788,0.0015259021896696368
81369628,0.0015259021896696368
81379777,0.0015259021896696368
81389931,0.0015259021896696368
81399617,0.0015259021896696368
81409936,0.0015259021896696368
81419778,0.0015259021896696368
81429625,0.0015259021896696368
81439775,0.0015259021896696368
81449906,0.0015259021896696368
81459651,0.0015259021896696368
81469904,0.0015259021896696368
81479795,0.0015259021896696368
81489624,0.0015259021896696368
81499767,0.0015259021896696368
81509883,0.0015259021896696368
81519620,0.0015259021896696368
81529917,0.0015259021896696368
81539803,0.0015259021896696368
81549625,0.0015259021896696368
81559771,0.0015259021896696368
81569934,0.0015259021896696368
81579612,0.0015259021896696368
81589901,0.0015259021896696368
81599786,0.0015259021896696368
81609621,0.0015259021896696368
81619766,0.0015259021896696368
81629930,0.0015259021896696368
81639614,0.0015259021896696368
81649916,0.0015259021896696368
81659801,0.0015259021896696368
81669607,0.0015259021896696368
81679768,0.0015259021896696368
81689915,0.0015259021896696368
81699605,0.0015259021896696368
81709880,0.0015259021896696368
81719779,0.0015259021896696368
81729621,0.0015259021896696368
81739763,0.0015259021896696368
81749912,0.0015259021896696368
81759607,0.0015259021896696368
81769891,0.0015259021896696368
81779787,0.0015259021896696368
81789637,0.0015259021896696368
81799778,0.0015259021896696368
81809888,0.0015259021896696368
81819634,0.0015259021896696368
81829905,0.0015259021896696368
81839801,0.0015259021896696368
81849655,0.0015259021896696368
81859753,0.0015259021896696368
81869901,0.0015259021896696368
81879648,0.0015259021896696368
81889908,0.0015259021896696368
81899776,0.0015259021896696368
81909637,0.0015259021896696368
81919758,0.0015259021896696368
81929800,0.0015259021896696368
81939629,0.0015259021896696368
81959764,0.0015259021896696368
81949902,0.0015259021896696368
81969641,0.0015259021896696368
81979756,0.0015259021896696368
81989923,0.0015259021896696368
81999631,0.0015259021896696368
82009929,0.0015259021896696368
82019786,0.0015259021896696368
82029649,0.0015259021896696368
82039781,0.0015259021896696368
82049914,0.0015259021896696368
82059644,0.0015259021896696368
82069932,0.0015259021896696368
82079785,0.0015259021896696368
82089641,0.0015259021896696368
82099775,0.0015259021896696368
82109888,0.0015259021896696368
82119628,0.0015259021896696368
82129947,0.0015259021896696368
82139804,0.0015259021896696368
82149640,0.0015259021896696368
82159902,0.0015259021896696368
82169887,0.0015259021896696368
82179629,0.0015259021896696368
82189951,0.0015259021896696368
82199759,0.0015259021896696368
82209632,0.0015259021896696368
82219775,0.0015259021896696368
82229903,0.0015259021896696368
82239635,0.0015259021896696368
82249906,0.0015259021896696368
82259805,0.0015259021896696368
82269625,0.0015259021896696368
82279779,0.0015259021896696368
82289947,0.0015259021896696368
82299632,0.0015259021896696368
82309910,0.0015259021896696368
82319837,0.0015259021896696368
82329629,0.0015259021896696368
82339771,0.0015259021896696368
82349913,0.0015259021896696368
82359625,0.0015259021896696368
82369954,0.0015259021896696368
82379831,0.0015259021896696368
82389619,0.0015259021896696368
82399768,0.0015259021896696368
82409904,0.0015259021896696368
82419619,0.0015259021896696368
82429896,0.0015259021896696368
82439808,0.0015259021896696368
82449622,0.0015259021896696368
82459765,0.0015259021896696368
82469906,0.0015259021896696368
82479615,0.0015259021896696368
82489897,0.0015259021896696368
82499800,0.0015259021896696368
82509610,0.0015259021896696368
82519766,0.0015259021896696368
82529912,0.0015259021896696368
82539648,0.0015259021896696368
82549893,0.0015259021896696368
82559772,0.0015259021896696368
82569640,0.0015259021896696368
82579770,0.0015259021896696368
82589908,0.0015259021896696368
82599644,0.0015259021896696368
82609892,0.0015259021896696368
82620120,0.0015259021896696368
82629642,0.0015259021896696368
82639766,0.0015259021896696368
82649906,0.0015259021896696368
82659654,0.0015259021896696368
82669932,0.0015259021896696368
82679775,0.0015259021896696368
82689640,0.0015259021896696368
82699757,0.0015259021896696368
82709905,0.0015259021896696368
82719640,0.0015259021896696368
82729930,0.0015259021896696368
82739801,0.0015259021896696368
82749633,0.0015259021896696368
82759760,0.0015259021896696368
82769917,0.0015259021896696368
82779633,0.0015259021896696368
82789957,0.0015259021896696368
82799772,0.0015259021896696368
82809650,0.0015259021896696368
82819791,0.0015259021896696368
82829926,0.0015259021896696368
82839634,0.0015259021896696368
82849957,0.0015259021896696368
82859787,0.0015259021896696368
82869636,0.0015259021896696368
82879777,0.0015259021896696368
82889892,0.0015259021896696368
82899647,0.0015259021896696368
82909956,0.0015259021896696368
82919789,0.0015259021896696368
82929628,0.0015259021896696368
82939816,0.0015259021896696368
82949890,0.0015259021896696368
82959631,0.0015259021896696368
82969946,0.0015259021896696368
82979759,0.0015259021896696368
82989635,0.0015259021896696368
82999780,0.0015259021896696368
83009894,0.0015259021896696368
83019628,0.0015259021896696368
83029924,0.0015259021896696368
83039801,0.0015259021896696368
83049636,0.0015259021896696368
83059774,0.0015259021896696368
83069917,0.0015259021896696368
83079622,0.0015259021896696368
83089951,0.0015259021896696368
83099801,0.0015259021896696368
83109636,0.0015259021896696368
83119781,0.0015259021896696368
83129952,0.0015259021896696368
83139638,0.0015259021896696368
83149952,0.0015259021896696368
83159810,0.0015259021896696368
83169630,0.0015259021896696368
83179773,0.0015259021896696368
83189926,0.0015259021896696368
83199615,0.0015259021896696368
83209906,0.0015259021896696368
83219795,0.0015259021896696368
83229616,0.0015259021896696368
83239778,0.0015259021896696368
83249962,0.0015259021896696368
83259627,0.0015259021896696368
83269933,0.0015259021896696368
83279781,0.0015259021896696368
83289653,0.0015259021896696368
83299773,0.0015259021896696368
83310090,0.0015259021896696368
83319642,0.0015259021896696368
83329900,0.0015259021896696368
83339808,0.0015259021896696368
83349662,0.0015259021896696368
83359796,0.0015259021896696368
83369929,0.0015259021896696368
83379658,0.0015259021896696368
83389941,0.0015259021896696368
83399808,0.0015259021896696368
83409642,0.0015259021896696368
83419767,0.0015259021896696368
83429939,0.0015259021896696368
83439639,0.0015259021896696368
83449938,0.0015259021896696368
83459827,0.0015259021896696368
83469657,0.0015259021896696368
83479764,0.0015259021896696368
83489898,0.0015259021896696368
83499640,0.0015259021896696368
83509890,0.0015259021896696368
83519779,0.0015259021896696368
83529652,0.0015259021896696368
83539793,0.0015259021896696368
83549904,0.0015259021896696368
83559638,0.0015259021896696368
83569931,0.0015259021896696368
83579796,0.0015259021896696368
83589637,0.0015259021896696368
83599795,0.0015259021896696368
83609922,0.0015259021896696368
83619648,0.0015259021896696368
83629914,0.0015259021896696368
83639780,0.0015259021896696368
83649638,0.0015259021896696368
83659796,0.0015259021896696368
83669898,0.0015259021896696368
83679639,0.0015259021896696368
83689953,0.0015259021896696368
83699771,0.0015259021896696368
83709624,0.0015259021896696368
83719787,0.0015259021896696368
83729895,0.0015259021896696368
83739634,0.0015259021896696368
83749973,0.0015259021896696368
83759761,0.0015259021896696368
83769637,0.0015259021896696368
83779784,0.0015259021896696368
83789925,0.0015259021896696368
83799632,0.0015259021896696368
83809949,0.0015259021896696368
83819787,0.0015259021896696368
83829623,0.0015259021896696368
83839783,0.0015259021896696368
83849967,0.0015259021896696368
83859638,0.0015259021896696368
83869959,0.0015259021896696368
83879843,0.0015259021896696368
83889632,0.0015259021896696368
83899793,0.0015259021896696368
83909922,0.0015259021896696368
83919631,0.0015259021896696368
83929913,0.0015259021896696368
83939827,0.0015259021896696368
83949639,0.0015259021896696368
83959782,0.0015259021896696368
83969933,0.0015259021896696368
83979625,0.0015259021896696368
83989903,0.0015259021896696368
83999793,0.0015259021896696368
84009628,0.0015259021896696368
84019772,0.0015259021896696368
84029916,0.0015259021896696368
84039658,0.0015259021896696368
84049939,0.0015259021896696368
84059852,0.0015259021896696368
84069665,0.0015259021896696368
84079786,0.0015259021896696368
84089925,0.0015259021896696368
84099652,0.0015259021896696368
84109913,0.0015259021896696368
84119908,0.0015259021896696368
84129645,0.0015259021896696368
84139774,0.0015259021896696368
84149912,0.0015259021896696368
84159648,0.0015259021896696368
84169898,0.0015259021896696368
84179806,0.0015259021896696368
84189646,0.0015259021896696368
84199874,0.0015259021896696368
84209922,0.0015259021896696368
84219654,0.0015259021896696368
84229898,0.0015259021896696368
84239787,0.0015259021896696368
84249649,0.0015259021896696368
84259771,0.0015259021896696368
84269903,0.0015259021896696368
84279649,0.0015259021896696368
84289966,0.0015259021896696368
84299777,0.0015259021896696368
84309651,0.0015259021896696368
84319788,0.0015259021896696368
84329901,0.0015259021896696368
84339643,0.0015259021896696368
84349949,0.0015259021896696368
84359919,0.0015259021896696368
84369653,0.0015259021896696368
84379798,0.0015259021896696368
84389912,0.0015259021896696368
84399644,0.0015259021896696368
84409929,0.0015259021896696368
84419775,0.0015259021896696368
84429644,0.0015259021896696368
84439791,0.0015259021896696368
84449893,0.0015259021896696368
84459654,0.0015259021896696368
84469952,0.0015259021896696368
84479822,0.0015259021896696368
84489635,0.0015259021896696368
84499799,0.0015259021896696368
84509897,0.0015259021896696368
84519639,0.0015259021896696368
84529920,0.0015259021896696368
84539815,0.0015259021896696368
84549633,0.0015259021896696368
84559790,0.0015259021896696368
84569952,0.0015259021896696368
84579644,0.0015259021896696368
84589915,0.0015259021896696368
84599833,0.0015259021896696368
84609640,0.0015259021896696368
84619790,0.0015259021896696368
84629923,0.0015259021896696368
84639641,0.0015259021896696368
84649930,0.0015259021896696368
84659810,0.0015259021896696368
84669632,0.0015259021896696368
84679777,0.0015259021896696368
84689925,0.0015259021896696368
84699629,0.0015259021896696368
84709954,0.0015259021896696368
84719812,0.0015259021896696368
84729640,0.0015259021896696368
84739790,0.0015259021896696368
84749923,0.0015259021896696368
84759628,0.0015259021896696368
84769924,0.0015259021896696368
84779847,0.0015259021896696368
84789656,0.0015259021896696368
84799794,0.0015259021896696368
84809923,0.0015259021896696368
84819663,0.0015259021896696368
84829946,0.0015259021896696368
84839797,0.0015259021896696368
84849660,0.0015259021896696368
84859779,0.0015259021896696368
84869925,0.0015259021896696368
84879662,0.0015259021896696368
84889943,0.0015259021896696368
84899793,0.0015259021896696368
84909661,0.0015259021896696368
84919778,0.0015259021896696368
84929918,0.0015259021896696368
84939655,0.0015259021896696368
84949953,0.0015259021896696368
84959844,0.0015259021896696368
84969649,0.0015259021896696368
84979773,0.0015259021896696368
84989933,0.0015259021896696368
84999653,0.0015259021896696368
85009957,0.0015259021896696368
85019806,0.0015259021896696368
85029654,0.0015259021896696368
85039803,0.0015259021896696368
85049906,0.0015259021896696368
85059656,0.0015259021896696368
85069969,0.0015259021896696368
85079786,0.0015259021896696368
85089664,0.0015259021896696368
85099801,0.0015259021896696368
85109916,0.0015259021896696368
85119650,0.0015259021896696368
85129967,0.0015259021896696368
85139833,0.0015259021896696368
85149641,0.0015259021896696368
85159806,0.0015259021896696368
85169892,0.0015259021896696368
85179641,0.0015259021896696368
85189967,0.0015259021896696368
85199786,0.0015259021896696368
85209647,0.0015259021896696368
85219798,0.0015259021896696368
85229906,0.0015259021896696368
85239653,0.0015259021896696368
85249921,0.0015259021896696368
85259799,0.0015259021896696368
85269656,0.0015259021896696368
85279793,0.0015259021896696368
85289929,0.0015259021896696368
85299643,0.0015259021896696368
85309918,0.0015259021896696368
85319805,0.0015259021896696368
85329663,0.0015259021896696368
85339795,0.0015259021896696368
85349936,0.0015259021896696368
85359637,0.0015259021896696368
85369959,0.0015259021896696368
85379828,0.0015259021896696368
85389634,0.0015259021896696368
85399793,0.0015259021896696368
85409924,0.0015259021896696368
85419640,0.0015259021896696368
85429956,0.0015259021896696368
85439830,0.0015259021896696368
85449648,0.0015259021896696368
85459927,0.0015259021896696368
85469944,0.0015259021896696368
85479634,0.0015259021896696368
85489913,0.0015259021896696368
85499798,0.0015259021896696368
85509631,0.0015259021896696368
85519783,0.0015259021896696368
85529928,0.0015259021896696368
85539669,0.0015259021896696368
85549916,0.0015259021896696368
85559817,0.0015259021896696368
85569668,0.0015259021896696368
85579796,0.0015259021896696368
85589924,0.0015259021896696368
85599665,0.0015259021896696368
85609959,0.0015259021896696368
85619787,0.0015259021896696368
85629666,0.0015259021896696368
85639807,0.0015259021896696368
85649927,0.0015259021896696368
85659656,0.0015259021896696368
85669907,0.0015259021896696368
85679810,0.0015259021896696368
85689674,0.0015259021896696368
85699785,0.0015259021896696368
85709926,0.0015259021896696368
85719656,0.0015259021896696368
85729917,0.0015259021896696368
85739846,0.0015259021896696368
85749658,0.0015259021896696368
85759783,0.0015259021896696368
85769924,0.0015259021896696368
85779651,0.0015259021896696368
85789928,0.0015259021896696368
85799836,0.0015259021896696368
85809665,0.0015259021896696368
85819805,0.0015259021896696368
85829915,0.0015259021896696368
85839653,0.0015259021896696368
85849967,0.0015259021896696368
85859780,0.0015259021896696368
85869660,0.0015259021896696368
85879807,0.0015259021896696368
85889940,0.0015259021896696368
85899651,0.0015259021896696368
85909937,0.0015259021896696368
85919794,0.0015259021896696368
85929661,0.0015259021896696368
85939806,0.0015259021896696368
85949905,0.0015259021896696368
85959647,0.0015259021896696368
85969927,0.0015259021896696368
85979804,0.0015259021896696368
85989643,0.0015259021896696368
85999799,0.0015259021896696368
86009911,0.0015259021896696368
86019648,0.0015259021896696368
86029959,0.0015259021896696368
86039845,0.0015259021896696368
86049650,0.0015259021896696368
86059797,0.0015259021896696368
86069942,0.0015259021896696368
86079641,0.0015259021896696368
86089963,0.0015259021896696368
86099807,0.0015259021896696368
86109646,0.0015259021896696368
86119801,0.0015259021896696368
86129944,0.0015259021896696368
86139641,0.0015259021896696368
86149965,0.0015259021896696368
86159832,0.0015259021896696368
86169642,0.0015259021896696368
86179787,0.0015259021896696368
86189971,0.0015259021896696368
86199648,0.0015259021896696368
86209923,0.0015259021896696368
86219842,0.0015259021896696368
86229639,0.0015259021896696368
86239789,0.0015259021896696368
86249944,0.0015259021896696368
86259648,0.0015259021896696368
86269966,0.0015259021896696368
86279821,0.0015259021896696368
86289664,0.0015259021896696368
86299790,0.0015259021896696368
86309940,0.0015259021896696368
86319668,0.0015259021896696368
86329809,0.0015259021896696368
86339806,0.0015259021896696368
86349665,0.0015259021896696368
86359801,0.0015259021896696368
86369931,0.0015259021896696368
86379664,0.0015259021896696368
86389949,0.0015259021896696368
86399800,0.0015259021896696368
86409662,0.0015259021896696368
86419790,0.0015259021896696368
86429924,0.0015259021896696368
86439662,0.0015259021896696368
86449921,0.0015259021896696368
86459835,0.0015259021896696368
86469665,0.0015259021896696368
86479785,0.0015259021896696368
86489928,0.0015259021896696368
86499661,0.0015259021896696368
86509914,0.0015259021896696368
86519809,0.0015259021896696368
86529666,0.0015259021896696368
86539812,0.0015259021896696368
86549924,0.0015259021896696368
86559663,0.0015259021896696368
86569951,0.0015259021896696368
86579797,0.0015259021896696368
86589668,0.0015259021896696368
86599804,0.0015259021896696368
86609919,0.0015259021896696368
86619655,0.0015259021896696368
86629936,0.0015259021896696368
86639830,0.0015259021896696368
86649667,0.0015259021896696368
86659806,0.0015259021896696368
86669949,0.0015259021896696368
86679656,0.0015259021896696368
86689983,0.0015259021896696368
86699793,0.0015259021896696368
86709667,0.0015259021896696368
86719810,0.0015259021896696368
86729956,0.0015259021896696368
86739658,0.0015259021896696368
86749935,0.0015259021896696368
86759794,0.0015259021896696368
86769661,0.0015259021896696368
86779804,0.0015259021896696368
86789946,0.0015259021896696368
86799649,0.0015259021896696368
86809978,0.0015259021896696368
86819841,0.0015259021896696368
86829659,0.0015259021896696368
86839800,0.0015259021896696368
86849938,0.0015259021896696368
86859653,0.0015259021896696368
86869951,0.0015259021896696368
86879832,0.0015259021896696368
86889648,0.0015259021896696368
86899805,0.0015259021896696368
86909940,0.0015259021896696368
86919651,0.0015259021896696368
86929990,0.0015259021896696368
86939865,0.0015259021896696368
86949649,0.0015259021896696368
86959821,0.0015259021896696368
86969933,0.0015259021896696368
86979647,0.0015259021896696368
86989941,0.0015259021896696368
86999845,0.0015259021896696368
87009651,0.0015259021896696368
87019790,0.0015259021896696368
87029932,0.0015259021896696368
87039674,0.0015259021896696368
87049962,0.0015259021896696368
87059807,0.0015259021896696368
87069671,0.0015259021896696368
87079797,0.0015259021896696368
87089942,0.0015259021896696368
87099672,0.0015259021896696368
87109922,0.0015259021896696368
87119862,0.0015259021896696368
87129677,0.0015259021896696368
87139813,0.0015259021896696368
87149933,0.0015259021896696368
87159680,0.0015259021896696368
87169953,0.0015259021896696368
87179823,0.0015259021896696368
87189675,0.0015259021896696368
87199790,0.0015259021896696368
87209933,0.0015259021896696368
87219671,0.0015259021896696368
87229949,0.0015259021896696368
87239794,0.0015259021896696368
87249677,0.0015259021896696368
87259790,0.0015259021896696368
87269951,0.0015259021896696368
87279670,0.0015259021896696368
87289980,0.0015259021896696368
87299803,0.0015259021896696368
87309667,0.0015259021896696368
87319821,0.0015259021896696368
87329925,0.0015259021896696368
87339666,0.0015259021896696368
87349959,0.0015259021896696368
87359794,0.0015259021896696368
87369663,0.0015259021896696368
87379820,0.0015259021896696368
87389915,0.0015259021896696368
87399664,0.0015259021896696368
87409959,0.0015259021896696368
87419795,0.0015259021896696368
87429660,0.0015259021896696368
87439825,0.0015259021896696368
87449918,0.0015259021896696368
87459658,0.0015259021896696368
87469925,0.0015259021896696368
87479848,0.0015259021896696368
87489663,0.0015259021896696368
87499811,0.0015259021896696368
87509940,0.0015259021896696368
87519664,0.0015259021896696368
87529945,0.0015259021896696368
87539831,0.0015259021896696368
87549658,0.0015259021896696368
87559813,0.0015259021896696368
87569958,0.0015259021896696368
87579657,0.0015259021896696368
87589927,0.0015259021896696368
87599822,0.0015259021896696368
87609658,0.0015259021896696368
87619817,0.0015259021896696368
87630140,0.0015259021896696368
87639670,0.0015259021896696368
87649969,0.0015259021896696368
87659872,0.0015259021896696368
87669651,0.0015259021896696368
87679799,0.0015259021896696368
87689936,0.0015259021896696368
87699655,0.0015259021896696368
87709932,0.0015259021896696368
87719815,0.0015259021896696368
87729656,0.0015259021896696368
87739799,0.0015259021896696368
87749933,0.0015259021896696368
87759658,0.0015259021896696368
87769975,0.0015259021896696368
87779821,0.0015259021896696368
87789674,0.0015259021896696368
87799796,0.0015259021896696368
87809935,0.0015259021896696368
87819685,0.0015259021896696368
87829954,0.0015259021896696368
87839843,0.0015259021896696368
87849681,0.0015259021896696368
87859798,0.0015259021896696368
87869952,0.0015259021896696368
87879680,0.0015259021896696368
87889961,0.0015259021896696368
87899840,0.0015259021896696368
87909686,0.0015259021896696368
87919803,0.0015259021896696368
87929960,0.0015259021896696368
87939674,0.0015259021896696368
87949963,0.0015259021896696368
87959823,0.0015259021896696368
87969672,0.0015259021896696368
87979791,0.0015259021896696368
87989948,0.0015259021896696368
87999674,0.0015259021896696368
88009963,0.0015259021896696368
88019835,0.0015259021896696368
88029667,0.0015259021896696368
88039803,0.0015259021896696368
88049926,0.0015259021896696368
88059676,0.0015259021896696368
88069952,0.0015259021896696368
88079858,0.0015259021896696368
88089668,0.0015259021896696368
88099819,0.0015259021896696368
88109935,0.0015259021896696368
88119665,0.0015259021896696368
88129975,0.0015259021896696368
88139827,0.0015259021896696368
88149680,0.0015259021896696368
88159817,0.0015259021896696368
88169918,0.0015259021896696368
88179674,0.0015259021896696368
88189949,0.0015259021896696368
88199799,0.0015259021896696368
88209670,0.0015259021896696368
88219815,0.0015259021896696368
88229973,0.0015259021896696368
88239669,0.0015259021896696368
88249949,0.0015259021896696368
88259846,0.0015259021896696368
88269662,0.0015259021896696368
88279812,0.0015259021896696368
88290054,0.0015259021896696368
88299662,0.0015259021896696368
88309993,0.0015259021896696368
88319845,0.0015259021896696368
88329677,0.0015259021896696368
88339824,0.0015259021896696368
88350009,0.0015259021896696368
88359660,0.0015259021896696368
88369939,0.0015259021896696368
88379852,0.0015259021896696368
88389670,0.0015259021896696368
88399810,0.0015259021896696368
88409946,0.0015259021896696368
88419658,0.0015259021896696368
88429942,0.0015259021896696368
88439828,0.0015259021896696368
88449651,0.0015259021896696368
88459805,0.0015259021896696368
88469974,0.0015259021896696368
88479666,0.0015259021896696368
88489969,0.0015259021896696368
88499819,0.0015259021896696368
88509652,0.0015259021896696368
88519807,0.0015259021896696368
88529948,0.0015259021896696368
88539715,0.0015259021896696368
88549942,0.0015259021896696368
88559820,0.0015259021896696368
88569690,0.0015259021896696368
88579813,0.0015259021896696368
88589956,0.0015259021896696368
88599683,0.0015259021896696368
88609949,0.0015259021896696368
88619818,0.0015259021896696368
88629709,0.0015259021896696368
88639806,0.0015259021896696368
88649952,0.0015259021896696368
88659683,0.0015259021896696368
88669932,0.0015259021896696368
88679814,0.0015259021896696368
88689680,0.0015259021896696368
88699800,0.0015259021896696368
88709946,0.0015259021896696368
88719672,0.0015259021896696368
88729936,0.0015259021896696368
88739813,0.0015259021896696368
88749684,0.0015259021896696368
88759828,0.0015259021896696368
88769982,0.0015259021896696368
88779671,0.0015259021896696368
88789974,0.0015259021896696368
88799834,0.0015259021896696368
88809683,0.0015259021896696368
88819840,0.0015259021896696368
88829933,0.0015259021896696368
88839676,0.0015259021896696368
88849996,0.0015259021896696368
88859863,0.0015259021896696368
88869678,0.0015259021896696368
88879831,0.0015259021896696368
88889935,0.0015259021896696368
88899674,0.0015259021896696368
88909952,0.0015259021896696368
88919828,0.0015259021896696368
88929672,0.0015259021896696368
88939825,0.0015259021896696368
88949941,0.0015259021896696368
88959666,0.0015259021896696368
88969994,0.0015259021896696368
88979828,0.0015259021896696368
88989671,0.0015259021896696368
88999818,0.0015259021896696368
89011042,0.0015259021896696368
89019825,0.0015259021896696368
89032391,0.0015259021896696368
89040308,0.0015259021896696368
89049693,0.0015259021896696368
89059816,0.0015259021896696368
89069957,0.0015259021896696368
89079675,0.0015259021896696368
89089976,0.0015259021896696368
89099846,0.0015259021896696368
89109675,0.0015259021896696368
89119831,0.0015259021896696368
89129954,0.0015259021896696368
89139666,0.0015259021896696368
89149947,0.0015259021896696368
89159826,0.0015259021896696368
89169670,0.0015259021896696368
89179814,0.0015259021896696368
89189956,0.0015259021896696368
89199675,0.0015259021896696368
89209944,0.0015259021896696368
89219853,0.0015259021896696368
89229661,0.0015259021896696368
89239812,0.0015259021896696368
89249955,0.0015259021896696368
89259675,0.0015259021896696368
89269955,0.0015259021896696368
89279878,0.0015259021896696368
89289699,0.0015259021896696368
89299817,0.0015259021896696368
89309949,0.0015259021896696368
89319690,0.0015259021896696368
89329942,0.0015259021896696368
89339832,0.0015259021896696368
89349697,0.0015259021896696368
89359846,0.0015259021896696368
89369949,0.0015259021896696368
89379682,0.0015259021896696368
89389944,0.0015259021896696368
89399835,0.0015259021896696368
89409690,0.0015259021896696368
89419805,0.0015259021896696368
89429957,0.0015259021896696368
89439686,0.0015259021896696368
89449929,0.0015259021896696368
89459857,0.0015259021896696368
89469682,0.0015259021896696368
89479809,0.0015259021896696368
89489953,0.0015259021896696368
89499698,0.0015259021896696368
89509985,0.0015259021896696368
89519835,0.0015259021896696368
89529865,0.0015259021896696368
89539834,0.0015259021896696368
89549948,0.0015259021896696368
89559682,0.0015259021896696368
89570009,0.0015259021896696368
89579865,0.0015259021896696368
89589674,0.0015259021896696368
89599844,0.0015259021896696368
89609948,0.0015259021896696368
89619683,0.0015259021896696368
89629985,0.0015259021896696368
89639834,0.0015259021896696368
89649686,0.0015259021896696368
89659858,0.0015259021896696368
89669927,0.0015259021896696368
89679677,0.0015259021896696368
89689990,0.0015259021896696368
89699816,0.0015259021896696368
89709679,0.0015259021896696368
89719833,0.0015259021896696368
89729835,0.0015259021896696368
89739683,0.0015259021896696368
89749968,0.0015259021896696368
89759808,0.0015259021896696368
89769681,0.0015259021896696368
89779824,0.0015259021896696368
89789971,0.0015259021896696368
89799674,0.0015259021896696368
89809961,0.0015259021896696368
89819864,0.0015259021896696368
89829672,0.0015259021896696368
89839825,0.0015259021896696368
89849968,0.0015259021896696368
89859678,0.0015259021896696368
89869994,0.0015259021896696368
89880140,0.0015259021896696368
89889665,0.0015259021896696368
89899831,0.0015259021896696368
89909951,0.0015259021896696368
89919678,0.0015259021896696368
89929952,0.0015259021896696368
89939862,0.0015259021896696368
89949665,0.0015259021896696368
89959816,0.0015259021896696368
89969956,0.0015259021896696368
89979668,0.0015259021896696368
89989945,0.0015259021896696368
89999872,0.0015259021896696368
90009669,0.0015259021896696368
90019818,0.0015259021896696368
90029982,0.0015259021896696368
90039705,0.0015259021896696368
90049966,0.0015259021896696368
90059877,0.0015259021896696368
90069700,0.0015259021896696368
90079811,0.0015259021896696368
90089980,0.0015259021896696368
90099687,0.0015259021896696368
90110015,0.0015259021896696368
90119817,0.0015259021896696368
90129717,0.0015259021896696368
90139818,0.0015259021896696368
90149966,0.0015259021896696368
90159959,0.0015259021896696368
90169815,0.0015259021896696368
90179698,0.0015259021896696368
90189858,0.0015259021896696368
90199809,0.0015259021896696368
90209820,0.0015259021896696368
90219983,0.0015259021896696368
90229699,0.0015259021896696368
90239960,0.0015259021896696368
90249832,0.0015259021896696368
90259855,0.0015259021896696368
90269937,0.0015259021896696368
90279757,0.0015259021896696368
90289963,0.0015259021896696368
90299936,0.0015259021896696368
90309963,0.0015259021896696368
90319842,0.0015259021896696368
90329696,0.0015259021896696368
90339875,0.0015259021896696368
90350016,0.0015259021896696368
90359975,0.0015259021896696368
90369839,0.0015259021896696368
90379759,0.0015259021896696368
90389843,0.0015259021896696368
90399823,0.0015259021896696368
90409830,0.0015259021896696368
90419954,0.0015259021896696368
90429704,0.0015259021896696368
90439970,0.0015259021896696368
90449849,0.0015259021896696368
90459868,0.0015259021896696368
90469972,0.0015259021896696368
90479706,0.0015259021896696368
90489954,0.0015259021896696368
90499961,0.0015259021896696368
90509986,0.0015259021896696368
90519822,0.0015259021896696368
90529697,0.0015259021896696368
90539991,0.0015259021896696368
90549953,0.0015259021896696368
90559704,0.0015259021896696368
90569968,0.0015259021896696368
90579850,0.0015259021896696368
90589688,0.0015259021896696368
90600004,0.0015259021896696368
90609938,0.0015259021896696368
90619682,0.0015259021896696368
90629976,0.0015259021896696368
90639953,0.0015259021896696368
90649844,0.0015259021896696368
90659970,0.0015259021896696368
90669963,0.0015259021896696368
90679697,0.0015259021896696368
90689989,0.0015259021896696368
90699947,0.0015259021896696368
90709827,0.0015259021896696368
90719959,0.0015259021896696368
90729958,0.0015259021896696368
90739744,0.0015259021896696368
90749971,0.0015259021896696368
90759948,0.0015259021896696368
90769825,0.0015259021896696368
90779996,0.0015259021896696368
90789980,0.0015259021896696368
90799701,0.0015259021896696368
90809966,0.0015259021896696368
90819978,0.0015259021896696368
90829810,0.0015259021896696368
90839984,0.0015259021896696368
90849973,0.0015259021896696368
90859692,0.0015259021896696368
90869963,0.0015259021896696368
90879967,0.0015259021896696368
90889804,0.0015259021896696368
90899961,0.0015259021896696368
90909965,0.0015259021896696368
90919698,0.0015259021896696368
90929964,0.0015259021896696368
90939972,0.0015259021896696368
90949819,0.0015259021896696368
90959970,0.0015259021896696368
90969970,0.0015259021896696368
90979691,0.0015259021896696368
90989948,0.0015259021896696368
91000010,0.0015259021896696368
91009809,0.0015259021896696368
91019965,0.0015259021896696368
91029974,0.0015259021896696368
91039718,0.0015259021896696368
91049957,0.0015259021896696368
91059971,0.0015259021896696368
91069851,0.0015259021896696368
91079951,0.0015259021896696368
91089960,0.0015259021896696368
91099748,0.0015259021896696368
91109977,0.0015259021896696368
91119925,0.0015259021896696368
91129844,0.0015259021896696368
91139960,0.0015259021896696368
91149960,0.0015259021896696368
91159867,0.0015259021896696368
91169965,0.0015259021896696368
91179955,0.0015259021896696368
91189841,0.0015259021896696368
91199949,0.0015259021896696368
91209966,0.0015259021896696368
91219865,0.0015259021896696368
91229828,0.0015259021896696368
91239954,0.0015259021896696368
91249841,0.0015259021896696368
91259972,0.0015259021896696368
91269952,0.0015259021896696368
91279839,0.0015259021896696368
91289988,0.0015259021896696368
91299963,0.0015259021896696368
91309839,0.0015259021896696368
91320023,0.0015259021896696368
91329957,0.0015259021896696368
91339867,0.0015259021896696368
91349989,0.0015259021896696368
91359958,0.0015259021896696368
91369835,0.0015259021896696368
91379982,0.0015259021896696368
91389961,0.0015259021896696368
91399837,0.0015259021896696368
91409987,0.0015259021896696368
91419948,0.0015259021896696368
91429835,0.0015259021896696368
91439998,0.0015259021896696368
91449959,0.0015259021896696368
91459828,0.0015259021896696368
91469980,0.0015259021896696368
91479953,0.0015259021896696368
91489838,0.0015259021896696368
91499972,0.0015259021896696368
91509941,0.0015259021896696368
91519888,0.0015259021896696368
91529984,0.0015259021896696368
91539977,0.0015259021896696368
91549834,0.0015259021896696368
91559971,0.0015259021896696368
91569975,0.0015259021896696368
91579884,0.0015259021896696368
91589982,0.0015259021896696368
91599976,0.0015259021896696368
91609827,0.0015259021896696368
91619937,0.0015259021896696368
91629972,0.0015259021896696368
91639827,0.0015259021896696368
91649959,0.0015259021896696368
91659986,0.0015259021896696368
91669694,0.0015259021896696368
91679969,0.0015259021896696368
91689985,0.0015259021896696368
91699802,0.0015259021896696368
91709953,0.0015259021896696368
91719966,0.0015259021896696368
91729696,0.0015259021896696368
91739953,0.0015259021896696368
91750006,0.0015259021896696368
91759802,0.0015259021896696368
91769962,0.0015259021896696368
91779957,0.0015259021896696368
91789721,0.0015259021896696368
91799950,0.0015259021896696368
91809964,0.0015259021896696368
91819848,0.0015259021896696368
91829963,0.0015259021896696368
91839991,0.0015259021896696368
91849720,0.0015259021896696368
91859948,0.0015259021896696368
91869962,0.0015259021896696368
91879875,0.0015259021896696368
91889968,0.0015259021896696368
91899997,0.0015259021896696368
91909725,0.0015259021896696368
91919946,0.0015259021896696368
91929995,0.0015259021896696368
91939827,0.0015259021896696368
91949952,0.0015259021896696368
91959968,0.0015259021896696368
91969867,0.0015259021896696368
91979967,0.0015259021896696368
91989975,0.0015259021896696368
91999842,0.0015259021896696368
92009952,0.0015259021896696368
92019957,0.0015259021896696368
92029762,0.0015259021896696368
92040007,0.0015259021896696368
92049964,0.0015259021896696368
92059839,0.0015259021896696368
92069982,0.0015259021896696368
92079958,0.0015259021896696368
92089716,0.0015259021896696368
92099990,0.0015259021896696368
92109965,0.0015259021896696368
92119818,0.0015259021896696368
92129726,0.0015259021896696368
92139966,0.0015259021896696368
92149835,0.0015259021896696368
92159909,0.0015259021896696368
92169708,0.0015259021896696368
92179837,0.0015259021896696368
92189706,0.0015259021896696368
92199949,0.0015259021896696368
92209834,0.0015259021896696368
92219879,0.0015259021896696368
92229738,0.0015259021896696368
92239837,0.0015259021896696368
92249701,0.0015259021896696368
92259958,0.0015259021896696368
92269828,0.0015259021896696368
92279894,0.0015259021896696368
92289763,0.0015259021896696368
92299814,0.0015259021896696368
92309707,0.0015259021896696368
92319981,0.0015259021896696368
92329830,0.0015259021896696368
92339878,0.0015259021896696368
92349725,0.0015259021896696368
92359830,0.0015259021896696368
92369701,0.0015259021896696368
92379967,0.0015259021896696368
92389818,0.0015259021896696368
92399863,0.0015259021896696368
92409732,0.0015259021896696368
92419967,0.0015259021896696368
92429693,0.0015259021896696368
92439995,0.0015259021896696368
92449824,0.0015259021896696368
92459882,0.0015259021896696368
92469839,0.0015259021896696368
92479825,0.0015259021896696368
92489699,0.0015259021896696368
92499970,0.0015259021896696368
92509826,0.0015259021896696368
92519866,0.0015259021896696368
92529754,0.0015259021896696368
92539854,0.0015259021896696368
92549693,0.0015259021896696368
92559981,0.0015259021896696368
92569859,0.0015259021896696368
92579893,0.0015259021896696368
92589738,0.0015259021896696368
92599862,0.0015259021896696368
92609698,0.0015259021896696368
92619957,0.0015259021896696368
92629853,0.0015259021896696368
92640026,0.0015259021896696368
92649983,0.0015259021896696368
92659726,0.0015259021896696368
92669973,0.0015259021896696368
92679974,0.0015259021896696368
92689849,0.0015259021896696368
92699954,0.0015259021896696368
92709985,0.0015259021896696368
92719728,0.0015259021896696368
92729948,0.0015259021896696368
92739961,0.0015259021896696368
92749840,0.0015259021896696368
92759957,0.0015259021896696368
92769986,0.0015259021896696368
92779722,0.0015259021896696368
92789993,0.0015259021896696368
92799963,0.0015259021896696368
92809843,0.0015259021896696368
92819983,0.0015259021896696368
92829976,0.0015259021896696368
92839718,0.0015259021896696368
92849985,0.0015259021896696368
92859972,0.0015259021896696368
92869894,0.0015259021896696368
92879990,0.0015259021896696368
92889956,0.0015259021896696368
92899724,0.0015259021896696368
92909987,0.0015259021896696368
92919972,0.0015259021896696368
92929834,0.0015259021896696368
92939977,0.0015259021896696368
92949950,0.0015259021896696368
92959723,0.0015259021896696368
92969970,0.0015259021896696368
92979962,0.0015259021896696368
92989841,0.0015259021896696368
92999985,0.0015259021896696368
93009981,0.0015259021896696368
93019712,0.0015259021896696368
93029858,0.0015259021896696368
93040000,0.0015259021896696368
93049847,0.0015259021896696368
93060001,0.0015259021896696368
93070027,0.0015259021896696368
93079712,0.0015259021896696368
93089980,0.0015259021896696368
93099997,0.0015259021896696368
93109821,0.0015259021896696368
93119702,0.0015259021896696368
93129734,0.0015259021896696368
93139961,0.0015259021896696368
93149704,0.0015259021896696368
93159980,0.0015259021896696368
93169999,0.0015259021896696368
93179863,0.0015259021896696368
93189753,0.0015259021896696368
93199952,0.0015259021896696368
93209706,0.0015259021896696368
93219843,0.0015259021896696368
93229957,0.0015259021896696368
93239850,0.0015259021896696368
93249727,0.0015259021896696368
93259957,0.0015259021896696368
93269698,0.0015259021896696368
93279845,0.0015259021896696368
93290007,0.0015259021896696368
93299828,0.0015259021896696368
93309740,0.0015259021896696368
93319997,0.0015259021896696368
93329707,0.0015259021896696368
93339975,0.0015259021896696368
93350010,0.0015259021896696368
93359827,0.0015259021896696368
93369749,0.0015259021896696368
93380013,0.0015259021896696368
93389697,0.0015259021896696368
93399840,0.0015259021896696368
93409982,0.0015259021896696368
93419883,0.0015259021896696368
93429738,0.0015259021896696368
93440012,0.0015259021896696368
93449699,0.0015259021896696368
93459838,0.0015259021896696368
93469967,0.0015259021896696368
93479836,0.0015259021896696368
93489770,0.0015259021896696368
93499988,0.0015259021896696368
93509688,0.0015259021896696368
93519821,0.0015259021896696368
93529976,0.0015259021896696368
93539859,0.0015259021896696368
93549740,0.0015259021896696368
93559996,0.0015259021896696368
93569731,0.0015259021896696368
93579851,0.0015259021896696368
93589998,0.0015259021896696368
93599854,0.0015259021896696368
93609751,0.0015259021896696368
93619977,0.0015259021896696368
93629714,0.0015259021896696368
93639838,0.0015259021896696368
93649976,0.0015259021896696368
93659894,0.0015259021896696368
93669783,0.0015259021896696368
93679972,0.0015259021896696368
93689715,0.0015259021896696368
93699832,0.0015259021896696368
93710003,0.0015259021896696368
93719887,0.0015259021896696368
93729719,0.0015259021896696368
93739972,0.0015259021896696368
93749719,0.0015259021896696368
93759829,0.0015259021896696368
93769958,0.0015259021896696368
93779875,0.0015259021896696368
93789737,0.0015259021896696368
93799977,0.0015259021896696368
93809714,0.0015259021896696368
93819882,0.0015259021896696368
93830010,0.0015259021896696368
93839868,0.0015259021896696368
93849780,0.0015259021896696368
93859966,0.0015259021896696368
93869714,0.0015259021896696368
93879856,0.0015259021896696368
93890003,0.0015259021896696368
93899853,0.0015259021896696368
93909738,0.0015259021896696368
93919962,0.0015259021896696368
93929701,0.0015259021896696368
93939862,0.0015259021896696368
93949954,0.0015259021896696368
93959863,0.0015259021896696368
93969746,0.0015259021896696368
93979950,0.0015259021896696368
93989727,0.0015259021896696368
93999854,0.0015259021896696368
94009946,0.0015259021896696368
94019836,0.0015259021896696368
94029727,0.0015259021896696368
94039980,0.0015259021896696368
94049709,0.0015259021896696368
94059841,0.0015259021896696368
94069963,0.0015259021896696368
94079866,0.0015259021896696368
94089755,0.0015259021896696368
94099977,0.0015259021896696368
94109711,0.0015259021896696368
94119853,0.0015259021896696368
94129984,0.0015259021896696368
94139841,0.0015259021896696368
94149790,0.0015259021896696368
94160013,0.0015259021896696368
94169696,0.0015259021896696368
94179848,0.0015259021896696368
94190027,0.0015259021896696368
94199838,0.0015259021896696368
94209732,0.0015259021896696368
94219973,0.0015259021896696368
94229693,0.0015259021896696368
94239839,0.0015259021896696368
94250036,0.0015259021896696368
94259851,0.0015259021896696368
94269727,0.0015259021896696368
94280006,0.0015259021896696368
94289734,0.0015259021896696368
94299874,0.0015259021896696368
94310029,0.0015259021896696368
94319868,0.0015259021896696368
94329732,0.0015259021896696368
94340010,0.0015259021896696368
94349729,0.0015259021896696368
94359846,0.0015259021896696368
94370018,0.0015259021896696368
94379868,0.0015259021896696368
94389738,0.0015259021896696368
94399976,0.0015259021896696368
94409721,0.0015259021896696368
94419838,0.0015259021896696368
94429975,0.0015259021896696368
94439883,0.0015259021896696368
94449775,0.0015259021896696368
94459988,0.0015259021896696368
94469720,0.0015259021896696368
94479834,0.0015259021896696368
94489967,0.0015259021896696368
94499850,0.0015259021896696368
94509774,0.0015259021896696368
94520025,0.0015259021896696368
94529718,0.0015259021896696368
94539871,0.0015259021896696368
94550019,0.0015259021896696368
94559882,0.0015259021896696368
94569776,0.0015259021896696368
94579965,0.0015259021896696368
94589716,0.0015259021896696368
94599854,0.0015259021896696368
94610011,0.0015259021896696368
94619861,0.0015259021896696368
94629771,0.0015259021896696368
94639963,0.0015259021896696368
94649720,0.0015259021896696368
94659860,0.0015259021896696368
94669975,0.0015259021896696368
94679845,0.0015259021896696368
94689755,0.0015259021896696368
94700002,0.0015259021896696368
94709717,0.0015259021896696368
94719853,0.0015259021896696368
94730007,0.0015259021896696368
94739853,0.0015259021896696368
94749744,0.0015259021896696368
94759953,0.0015259021896696368
94769724,0.0015259021896696368
94779858,0.0015259021896696368
94790060,0.0015259021896696368
94799846,0.0015259021896696368
94809733,0.0015259021896696368
94819979,0.0015259021896696368
94829718,0.0015259021896696368
94839831,0.0015259021896696368
94849994,0.0015259021896696368
94859836,0.0015259021896696368
94869742,0.0015259021896696368
94880035,0.0015259021896696368
94889701,0.0015259021896696368
94899886,0.0015259021896696368
94910015,0.0015259021896696368
94919841,0.0015259021896696368
94929764,0.0015259021896696368
94940027,0.0015259021896696368
94949713,0.0015259021896696368
94959862,0.0015259021896696368
94970005,0.0015259021896696368
94979839,0.0015259021896696368
94989744,0.0015259021896696368
94999983,0.0015259021896696368
95009697,0.0015259021896696368
95019840,0.0015259021896696368
95030029,0.0015259021896696368
95039861,0.0015259021896696368
95049743,0.0015259021896696368
95059985,0.0015259021896696368
95069725,0.0015259021896696368
95079979,0.0015259021896696368
95090009,0.0015259021896696368
95099874,0.0015259021896696368
95109751,0.0015259021896696368
95120018,0.0015259021896696368
95129743,0.0015259021896696368
95139843,0.0015259021896696368
95149986,0.0015259021896696368
95159856,0.0015259021896696368
95169730,0.0015259021896696368
95179977,0.0015259021896696368
95189729,0.0015259021896696368
95199843,0.0015259021896696368
95210043,0.0015259021896696368
95219852,0.0015259021896696368
95229730,0.0015259021896696368
95239988,0.0015259021896696368
95249724,0.0015259021896696368
95259832,0.0015259021896696368
95270017,0.0015259021896696368
95279856,0.0015259021896696368
95289744,0.0015259021896696368
95299970,0.0015259021896696368
95309745,0.0015259021896696368
95320020,0.0015259021896696368
95329976,0.0015259021896696368
95339887,0.0015259021896696368
95349866,0.0015259021896696368
95359998,0.0015259021896696368
95369715,0.0015259021896696368
95379894,0.0015259021896696368
95389970,0.0015259021896696368
95399860,0.0015259021896696368
95409753,0.0015259021896696368
95419971,0.0015259021896696368
95429716,0.0015259021896696368
95439863,0.0015259021896696368
95449966,0.0015259021896696368
95459865,0.0015259021896696368
95469746,0.0015259021896696368
95479981,0.0015259021896696368
95489714,0.0015259021896696368
95499858,0.0015259021896696368
95509970,0.0015259021896696368
95519878,0.0015259021896696368
95529758,0.0015259021896696368
95540008,0.0015259021896696368
95549716,0.0015259021896696368
95559852,0.0015259021896696368
95570048,0.0015259021896696368
95579873,0.0015259021896696368
95589749,0.0015259021896696368
95599987,0.0015259021896696368
95609719,0.0015259021896696368
95620018,0.0015259021896696368
95630006,0.0015259021896696368
95639872,0.0015259021896696368
95649841,0.0015259021896696368
95659984,0.0015259021896696368
95669714,0.0015259021896696368
95679888,0.0015259021896696368
95689989,0.0015259021896696368
95699853,0.0015259021896696368
95709749,0.0015259021896696368
95720016,0.0015259021896696368
95729707,0.0015259021896696368
95739857,0.0015259021896696368
95749981,0.0015259021896696368
95759841,0.0015259021896696368
95769746,0.0015259021896696368
95779992,0.0015259021896696368
95789729,0.0015259021896696368
95799859,0.0015259021896696368
95810016,0.0015259021896696368
95819889,0.0015259021896696368
95829881,0.0015259021896696368
95839994,0.0015259021896696368
95849735,0.0015259021896696368
95859853,0.0015259021896696368
95869973,0.0015259021896696368
95879886,0.0015259021896696368
95889786,0.0015259021896696368
95900007,0.0015259021896696368
95909745,0.0015259021896696368
95919847,0.0015259021896696368
95929998,0.0015259021896696368
95939894,0.0015259021896696368
95949782,0.0015259021896696368
95959987,0.0015259021896696368
95969735,0.0015259021896696368
95979846,0.0015259021896696368
95990039,0.0015259021896696368
95999870,0.0015259021896696368
96009731,0.0015259021896696368
96019977,0.0015259021896696368
96029724,0.0015259021896696368
96039911,0.0015259021896696368
96049975,0.0015259021896696368
96059867,0.0015259021896696368
96069750,0.0015259021896696368
96079973,0.0015259021896696368
96089736,0.0015259021896696368
96099875,0.0015259021896696368
96110010,0.0015259021896696368
96119864,0.0015259021896696368
96129758,0.0015259021896696368
96139966,0.0015259021896696368
96149731,0.0015259021896696368
96159862,0.0015259021896696368
96169966,0.0015259021896696368
96179873,0.0015259021896696368
96189762,0.0015259021896696368
96199980,0.0015259021896696368
96209715,0.0015259021896696368
96219891,0.0015259021896696368
96229969,0.0015259021896696368
96239852,0.0015259021896696368
96249764,0.0015259021896696368
96259979,0.0015259021896696368
96269712,0.0015259021896696368
96279858,0.0015259021896696368
96289991,0.0015259021896696368
96299854,0.0015259021896696368
96309796,0.0015259021896696368
96320002,0.0015259021896696368
96329725,0.0015259021896696368
96339860,0.0015259021896696368
96350050,0.0015259021896696368
96359850,0.0015259021896696368
96369738,0.0015259021896696368
96380001,0.0015259021896696368
96389722,0.0015259021896696368
96399859,0.0015259021896696368
96410000,0.0015259021896696368
96419858,0.0015259021896696368
96429770,0.0015259021896696368
96440034,0.0015259021896696368
96449728,0.0015259021896696368
96459860,0.0015259021896696368
96470029,0.0015259021896696368
96479849,0.0015259021896696368
96489736,0.0015259021896696368
96499993,0.0015259021896696368
96509712,0.0015259021896696368
96520019,0.0015259021896696368
96530043,0.0015259021896696368
96539911,0.0015259021896696368
96549790,0.0015259021896696368
96560061,0.0015259021896696368
96569853,0.0015259021896696368
96579989,0.0015259021896696368
96590000,0.0015259021896696368
96599881,0.0015259021896696368
96609744,0.0015259021896696368
96619988,0.0015259021896696368
96629737,0.0015259021896696368
96639867,0.0015259021896696368
96649989,0.0015259021896696368
96659891,0.0015259021896696368
96669744,0.0015259021896696368
96680001,0.0015259021896696368
96689735,0.0015259021896696368
96699848,0.0015259021896696368
96709993,0.0015259021896696368
96719975,0.0015259021896696368
96729741,0.0015259021896696368
96739987,0.0015259021896696368
96749742,0.0015259021896696368
96759843,0.0015259021896696368
96769979,0.0015259021896696368
96779896,0.0015259021896696368
96789780,0.0015259021896696368
96799980,0.0015259021896696368
96809727,0.0015259021896696368
96819885,0.0015259021896696368
96829984,0.0015259021896696368
96839898,0.0015259021896696368
96849779,0.0015259021896696368
96859973,0.0015259021896696368
96869737,0.0015259021896696368
96879886,0.0015259021896696368
96889987,0.0015259021896696368
96899862,0.0015259021896696368
96909805,0.0015259021896696368
96919981,0.0015259021896696368
96929733,0.0015259021896696368
96939868,0.0015259021896696368
96949988,0.0015259021896696368
96959858,0.0015259021896696368
96969789,0.0015259021896696368
96980027,0.0015259021896696368
96989728,0.0015259021896696368
96999869,0.0015259021896696368
97009983,0.0015259021896696368
97019865,0.0015259021896696368
97029781,0.0015259021896696368
97040006,0.0015259021896696368
97049721,0.0015259021896696368
97059878,0.0015259021896696368
97070004,0.0015259021896696368
97079891,0.0015259021896696368
97089791,0.0015259021896696368
97100014,0.0015259021896696368
97109725,0.0015259021896696368
97119857,0.0015259021896696368
97129999,0.0015259021896696368
97139855,0.0015259021896696368
97149768,0.0015259021896696368
97160015,0.0015259021896696368
97169725,0.0015259021896696368
97179860,0.0015259021896696368
97189999,0.0015259021896696368
97199887,0.0015259021896696368
97209872,0.0015259021896696368
97219996,0.0015259021896696368
97229718,0.0015259021896696368
97239988,0.0015259021896696368
97250004,0.0015259021896696368
97259882,0.0015259021896696368
97269785,0.0015259021896696368
97280049,0.0015259021896696368
97289743,0.0015259021896696368
97299860,0.0015259021896696368
97309997,0.0015259021896696368
97319876,0.0015259021896696368
97329750,0.0015259021896696368
97340039,0.0015259021896696368
97349749,0.0015259021896696368
97359870,0.0015259021896696368
97370023,0.0015259021896696368
97379919,0.0015259021896696368
97389735,0.0015259021896696368
97399998,0.0015259021896696368
97409738,0.0015259021896696368
97419863,0.0015259021896696368
97430061,0.0015259021896696368
97439895,0.0015259021896696368
97449783,0.0015259021896696368
97460035,0.0015259021896696368
97469745,0.0015259021896696368
97479872,0.0015259021896696368
97490041,0.0015259021896696368
97499874,0.0015259021896696368
97509743,0.0015259021896696368
97520035,0.0015259021896696368
97529746,0.0015259021896696368
97539883,0.0015259021896696368
97550043,0.0015259021896696368
97559868,0.0015259021896696368
97569792,0.0015259021896696368
97579985,0.0015259021896696368
97589736,0.0015259021896696368
97599909,0.0015259021896696368
97609997,0.0015259021896696368
97619903,0.0015259021896696368
97629789,0.0015259021896696368
97639990,0.0015259021896696368
97649929,0.0015259021896696368
97659890,0.0015259021896696368
97670009,0.0015259021896696368
97679929,0.0015259021896696368
97689801,0.0015259021896696368
97699975,0.0015259021896696368
97709733,0.0015259021896696368
97719882,0.0015259021896696368
97730018,0.0015259021896696368
97739899,0.0015259021896696368
97749770,0.0015259021896696368
97760005,0.0015259021896696368
97769731,0.0015259021896696368
97779876,0.0015259021896696368
97790047,0.0015259021896696368
97799900,0.0015259021896696368
97809774,0.0015259021896696368
97820066,0.0015259021896696368
97829722,0.0015259021896696368
97839873,0.0015259021896696368
97850056,0.0015259021896696368
97859861,0.0015259021896696368
97869765,0.0015259021896696368
97880000,0.0015259021896696368
97889725,0.0015259021896696368
97899899,0.0015259021896696368
97910012,0.0015259021896696368
97919880,0.0015259021896696368
97929759,0.0015259021896696368
97940011,0.0015259021896696368
97949723,0.0015259021896696368
97959859,0.0015259021896696368
97970005,0.0015259021896696368
97979878,0.0015259021896696368
97989804,0.0015259021896696368
98000000,0.0015259021896696368
98009722,0.0015259021896696368
98019864,0.0015259021896696368
98030005,0.0015259021896696368
98039911,0.0015259021896696368
98049758,0.0015259021896696368
98060004,0.0015259021896696368
98069756,0.0015259021896696368
98079876,0.0015259021896696368
98090009,0.0015259021896696368
98099887,0.0015259021896696368
98109759,0.0015259021896696368
98120001,0.0015259021896696368
98129748,0.0015259021896696368
98139863,0.0015259021896696368
98149998,0.0015259021896696368
98159881,0.0015259021896696368
98169750,0.0015259021896696368
98180034,0.0015259021896696368
98189740,0.0015259021896696368
98199845,0.0015259021896696368
98210028,0.0015259021896696368
98219885,0.0015259021896696368
98229768,0.0015259021896696368
98240044,0.0015259021896696368
98249753,0.0015259021896696368
98259881,0.0015259021896696368
98270032,0.0015259021896696368
98279875,0.0015259021896696368
98289770,0.0015259021896696368
98299989,0.0015259021896696368
98309750,0.0015259021896696368
98319882,0.0015259021896696368
98330021,0.0015259021896696368
98339902,0.0015259021896696368
98349772,0.0015259021896696368
98360009,0.0015259021896696368
98369847,0.0015259021896696368
98379886,0.0015259021896696368
98390027,0.0015259021896696368
98399892,0.0015259021896696368
98409776,0.0015259021896696368
98420032,0.0015259021896696368
98429750,0.0015259021896696368
98440024,0.0015259021896696368
98450059,0.0015259021896696368
98459874,0.0015259021896696368
98469802,0.0015259021896696368
98479984,0.0015259021896696368
98489751,0.0015259021896696368
98499876,0.0015259021896696368
98510024,0.0015259021896696368
98519900,0.0015259021896696368
98529797,0.0015259021896696368
98540020,0.0015259021896696368
98549734,0.0015259021896696368
98559887,0.0015259021896696368
98569998,0.0015259021896696368
98579901,0.0015259021896696368
98589764,0.0015259021896696368
98600005,0.0015259021896696368
98609733,0.0015259021896696368
98619876,0.0015259021896696368
98630008,0.0015259021896696368
98639921,0.0015259021896696368
98649764,0.0015259021896696368
98660051,0.0015259021896696368
98669733,0.0015259021896696368
98679911,0.0015259021896696368
98690049,0.0015259021896696368
98699872,0.0015259021896696368
98709773,0.0015259021896696368
98720031,0.0015259021896696368
98729736,0.0015259021896696368
98739872,0.0015259021896696368
98750051,0.0015259021896696368
98759865,0.0015259021896696368
98769920,0.0015259021896696368
98780051,0.0015259021896696368
98789753,0.0015259021896696368
98799870,0.0015259021896696368
98810035,0.0015259021896696368
98819893,0.0015259021896696368
98829760,0.0015259021896696368
98840001,0.0015259021896696368
98849753,0.0015259021896696368
98859871,0.0015259021896696368
98870035,0.0015259021896696368
98879922,0.0015259021896696368
98889765,0.0015259021896696368
98900001,0.0015259021896696368
98909751,0.0015259021896696368
98919864,0.0015259021896696368
98930005,0.0015259021896696368
98939905,0.0015259021896696368
98949759,0.0015259021896696368
98959996,0.0015259021896696368
98969750,0.0015259021896696368
98979857,0.0015259021896696368
98989993,0.0015259021896696368
98999889,0.0015259021896696368
99009776,0.0015259021896696368
99020036,0.0015259021896696368
99029757,0.0015259021896696368
99039896,0.0015259021896696368
99050013,0.0015259021896696368
99059881,0.0015259021896696368
99069811,0.0015259021896696368
99079987,0.0015259021896696368
99089747,0.0015259021896696368
99099888,0.0015259021896696368
99110038,0.0015259021896696368
99119907,0.0015259021896696368
99129800,0.0015259021896696368
99139999,0.0015259021896696368
99149744,0.0015259021896696368
99159883,0.0015259021896696368
99169994,0.0015259021896696368
99179940,0.0015259021896696368
99189823,0.0015259021896696368
99200030,0.0015259021896696368
99209741,0.0015259021896696368
99219886,0.0015259021896696368
99230032,0.0015259021896696368
99239891,0.0015259021896696368
99249802,0.0015259021896696368
99259984,0.0015259021896696368
99269738,0.0015259021896696368
99279891,0.0015259021896696368
99290059,0.0015259021896696368
99299879,0.0015259021896696368
99309764,0.0015259021896696368
99320020,0.0015259021896696368
99329733,0.0015259021896696368
99339888,0.0015259021896696368
99350013,0.0015259021896696368
99359894,0.0015259021896696368
99369799,0.0015259021896696368
99380046,0.0015259021896696368
99389739,0.0015259021896696368
99399874,0.0015259021896696368
99410071,0.0015259021896696368
99419894,0.0015259021896696368
99429769,0.0015259021896696368
99440038,0.0015259021896696368
99449744,0.0015259021896696368
99459875,0.0015259021896696368
99470057,0.0015259021896696368
99479861,0.0015259021896696368
99489797,0.0015259021896696368
99500003,0.0015259021896696368
99509734,0.0015259021896696368
99519882,0.0015259021896696368
99530009,0.0015259021896696368
99539918,0.0015259021896696368
99549756,0.0015259021896696368
99560040,0.0015259021896696368
99569762,0.0015259021896696368
99579868,0.0015259021896696368
99590009,0.0015259021896696368
99599900,0.0015259021896696368
99609766,0.0015259021896696368
99620012,0.0015259021896696368
99629765,0.0015259021896696368
99639863,0.0015259021896696368
99650041,0.0015259021896696368
99659913,0.0015259021896696368
99669790,0.0015259021896696368
99680010,0.0015259021896696368
99689757,0.0015259021896696368
99699895,0.0015259021896696368
99710004,0.0015259021896696368
99719952,0.0015259021896696368
99729871,0.0015259021896696368
99740044,0.0015259021896696368
99749751,0.0015259021896696368
99759873,0.0015259021896696368
99770021,0.0015259021896696368
99779891,0.0015259021896696368
99789789,0.0015259021896696368
99800012,0.0015259021896696368
99809756,0.0015259021896696368
99819897,0.0015259021896696368
99830044,0.0015259021896696368
99839933,0.0015259021896696368
99849821,0.0015259021896696368
99859997,0.0015259021896696368
99869757,0.0015259021896696368
99879927,0.0015259021896696368
99890041,0.0015259021896696368
99899891,0.0015259021896696368
99909835,0.0015259021896696368
99919995,0.0015259021896696368
99929762,0.0015259021896696368
99939900,0.0015259021896696368
99950011,0.0015259021896696368
99959885,0.0015259021896696368
99969775,0.0015259021896696368
99980037,0.0015259021896696368
99989744,0.0015259021896696368
99999888,0.0015259021896696368
100009999,0.0015259021896696368
100019910,0.0015259021896696368
100029741,0.0015259021896696368
100040025,0.0015259021896696368
100049745,0.0015259021896696368
100059897,0.0015259021896696368
100070023,0.0015259021896696368
100079898,0.0015259021896696368
100089830,0.0015259021896696368
100100020,0.0015259021896696368
100109749,0.0015259021896696368
100119887,0.0015259021896696368
100130047,0.0015259021896696368
100139889,0.0015259021896696368
100149819,0.0015259021896696368
100160062,0.0015259021896696368
100169741,0.0015259021896696368
100179890,0.0015259021896696368
100190049,0.0015259021896696368
100199875,0.0015259021896696368
100209791,0.0015259021896696368
100220055,0.0015259021896696368
100229745,0.0015259021896696368
100240098,0.0015259021896696368
100250134,0.0015259021896696368
100260994,0.0015259021896696368
100269880,0.0015259021896696368
100280055,0.0015259021896696368
100289789,0.0015259021896696368
100299885,0.0015259021896696368
100310071,0.0015259021896696368
100319924,0.0015259021896696368
100329828,0.0015259021896696368
100340061,0.0015259021896696368
100349767,0.0015259021896696368
100359875,0.0015259021896696368
100370048,0.0015259021896696368
100379943,0.0015259021896696368
100389787,0.0015259021896696368
100400016,0.0015259021896696368
100409766,0.0015259021896696368
100419882,0.0015259021896696368
100430048,0.0015259021896696368
100439924,0.0015259021896696368
100449826,0.0015259021896696368
100460041,0.0015259021896696368
100469756,0.0015259021896696368
100479870,0.0015259021896696368
100490010,0.0015259021896696368
100499900,0.0015259021896696368
100509778,0.0015259021896696368
100520000,0.0015259021896696368
100529753,0.0015259021896696368
100539901,0.0015259021896696368
100550006,0.0015259021896696368
100559894,0.0015259021896696368
100569836,0.0015259021896696368
100580005,0.0015259021896696368
100589762,0.0015259021896696368
100599905,0.0015259021896696368
100610012,0.0015259021896696368
100619891,0.0015259021896696368
100629795,0.0015259021896696368
100640045,0.0015259021896696368
100649756,0.0015259021896696368
100659898,0.0015259021896696368
100670045,0.0015259021896696368
100679896,0.0015259021896696368
100689784,0.0015259021896696368
100699995,0.0015259021896696368
100709754,0.0015259021896696368
100719893,0.0015259021896696368
100730005,0.0015259021896696368
100739881,0.0015259021896696368
100749838,0.0015259021896696368
100760030,0.0015259021896696368
100769751,0.0015259021896696368
100779893,0.0015259021896696368
100790032,0.0015259021896696368
100799881,0.0015259021896696368
100809822,0.0015259021896696368
100820061,0.0015259021896696368
100829756,0.0015259021896696368
100839900,0.0015259021896696368
100850034,0.0015259021896696368
100859942,0.0015259021896696368
100869807,0.0015259021896696368
100880058,0.0015259021896696368
100889755,0.0015259021896696368
100899889,0.0015259021896696368
100910034,0.0015259021896696368
100919881,0.0015259021896696368
100929771,0.0015259021896696368
100940069,0.0015259021896696368
100949757,0.0015259021896696368
100959887,0.0015259021896696368
100970054,0.0015259021896696368
100979877,0.0015259021896696368
100989792,0.0015259021896696368
101000022,0.0015259021896696368
101009747,0.0015259021896696368
101019930,0.0015259021896696368
101030023,0.0015259021896696368
101039910,0.0015259021896696368
101049803,0.0015259021896696368
101060039,0.0015259021896696368
101069768,0.0015259021896696368
101079900,0.0015259021896696368
101090015,0.0015259021896696368
101099908,0.0015259021896696368
101109804,0.0015259021896696368
101120066,0.0015259021896696368
101129767,0.0015259021896696368
101139877,0.0015259021896696368
101150000,0.0015259021896696368
101159914,0.0015259021896696368
101169882,0.0015259021896696368
101180024,0.0015259021896696368
101189762,0.0015259021896696368
101200012,0.0015259021896696368
101210024,0.0015259021896696368
101219929,0.0015259021896696368
101229878,0.0015259021896696368
101240018,0.0015259021896696368
101249777,0.0015259021896696368
101260034,0.0015259021896696368
101270052,0.0015259021896696368
101279922,0.0015259021896696368
101289826,0.0015259021896696368
101300011,0.0015259021896696368
101309763,0.0015259021896696368
101319915,0.0015259021896696368
101330048,0.0015259021896696368
101339919,0.0015259021896696368
101349808,0.0015259021896696368
101360019,0.0015259021896696368
101369770,0.0015259021896696368
101379906,0.0015259021896696368
101390035,0.0015259021896696368
101399938,0.0015259021896696368
101409844,0.0015259021896696368
101420034,0.0015259021896696368
101429760,0.0015259021896696368
101439898,0.0015259021896696368
101450002,0.0015259021896696368
101459918,0.0015259021896696368
101469787,0.0015259021896696368
101480051,0.0015259021896696368
101489760,0.0015259021896696368
101499909,0.0015259021896696368
101510008,0.0015259021896696368
101519889,0.0015259021896696368
101529799,0.0015259021896696368
101540072,0.0015259021896696368
101549754,0.0015259021896696368
101559909,0.0015259021896696368
101570071,0.0015259021896696368
101579892,0.0015259021896696368
101589843,0.0015259021896696368
101600023,0.0015259021896696368
101609771,0.0015259021896696368
101619907,0.0015259021896696368
101630041,0.0015259021896696368
101639887,0.0015259021896696368
101649814,0.0015259021896696368
101660062,0.0015259021896696368
101669763,0.0015259021896696368
101679905,0.0015259021896696368
101690069,0.0015259021896696368
101699895,0.0015259021896696368
101709828,0.0015259021896696368
101720056,0.0015259021896696368
101729754,0.0015259021896696368
101739892,0.0015259021896696368
101750035,0.0015259021896696368
101759883,0.0015259021896696368
101769814,0.0015259021896696368
101780065,0.0015259021896696368
101789783,0.0015259021896696368
101799894,0.0015259021896696368
101810064,0.0015259021896696368
101819915,0.0015259021896696368
101829808,0.0015259021896696368
101840024,0.0015259021896696368
101849777,0.0015259021896696368
101859901,0.0015259021896696368
101870061,0.0015259021896696368
101879926,0.0015259021896696368
101889783,0.0015259021896696368
101900072,0.0015259021896696368
101909780,0.0015259021896696368
101919897,0.0015259021896696368
101930018,0.0015259021896696368
101939935,0.0015259021896696368
101949824,0.0015259021896696368
101960047,0.0015259021896696368
101969788,0.0015259021896696368
101979885,0.0015259021896696368
101990013,0.0015259021896696368
101999902,0.0015259021896696368
102009781,0.0015259021896696368
102020060,0.0015259021896696368
102029766,0.0015259021896696368
102039916,0.0015259021896696368
102050049,0.0015259021896696368
102059909,0.0015259021896696368
102069814,0.0015259021896696368
102080052,0.0015259021896696368
102089763,0.0015259021896696368
102099915,0.0015259021896696368
102110048,0.0015259021896696368
102119912,0.0015259021896696368
102129802,0.0015259021896696368
102140010,0.0015259021896696368
102149766,0.0015259021896696368
102159954,0.0015259021896696368
102170059,0.0015259021896696368
102179925,0.0015259021896696368
102189791,0.0015259021896696368
102200009,0.0015259021896696368
102209761,0.0015259021896696368
102219910,0.0015259021896696368
102230013,0.0015259021896696368
102239923,0.0015259021896696368
102249807,0.0015259021896696368
102260003,0.0015259021896696368
102269766,0.0015259021896696368
102279904,0.0015259021896696368
102290079,0.0015259021896696368
102299887,0.0015259021896696368
102309824,0.0015259021896696368
102320038,0.0015259021896696368
102329775,0.0015259021896696368
102339902,0.0015259021896696368
102350066,0.0015259021896696368
102359892,0.0015259021896696368
102369799,0.0015259021896696368
102380084,0.0015259021896696368
102389762,0.0015259021896696368
102399899,0.0015259021896696368
102410073,0.0015259021896696368
102419892,0.0015259021896696368
102429801,0.0015259021896696368
102440036,0.0015259021896696368
102449749,0.0015259021896696368
102459893,0.0015259021896696368
102470072,0.0015259021896696368
102479887,0.0015259021896696368
102489821,0.0015259021896696368
102500051,0.0015259021896696368
102509749,0.0015259021896696368
102519900,0.0015259021896696368
102530079,0.0015259021896696368
102539927,0.0015259021896696368
102549840,0.0015259021896696368
102560059,0.0015259021896696368
102569793,0.0015259021896696368
102579902,0.0015259021896696368
102590055,0.0015259021896696368
102599928,0.0015259021896696368
102609789,0.0015259021896696368
102620084,0.0015259021896696368
102629790,0.0015259021896696368
102640012,0.0015259021896696368
102650024,0.0015259021896696368
102660081,0.0015259021896696368
102669823,0.0015259021896696368
102680082,0.0015259021896696368
102689784,0.0015259021896696368
102700007,0.0015259021896696368
102710032,0.0015259021896696368
102719913,0.0015259021896696368
102729791,0.0015259021896696368
102740058,0.0015259021896696368
102749790,0.0015259021896696368
102759889,0.0015259021896696368
102770036,0.0015259021896696368
102779923,0.0015259021896696368
102789823,0.0015259021896696368
102800030,0.0015259021896696368
102809778,0.0015259021896696368
102819914,0.0015259021896696368
102830016,0.0015259021896696368
102839930,0.0015259021896696368
102849856,0.0015259021896696368
102860015,0.0015259021896696368
102869798,0.0015259021896696368
102879920,0.0015259021896696368
102890055,0.0015259021896696368
102899907,0.0015259021896696368
102909846,0.0015259021896696368
102920017,0.0015259021896696368
102929756,0.0015259021896696368
102939914,0.0015259021896696368
102950029,0.0015259021896696368
102959916,0.0015259021896696368
102969797,0.0015259021896696368
102980064,0.0015259021896696368
102989762,0.0015259021896696368
102999910,0.0015259021896696368
103010014,0.0015259021896696368
103019966,0.0015259021896696368
103029794,0.0015259021896696368
103040056,0.0015259021896696368
103049884,0.0015259021896696368
103060036,0.0015259021896696368
103070101,0.0015259021896696368
103079918,0.0015259021896696368
103089893,0.0015259021896696368
103100058,0.0015259021896696368
103109769,0.0015259021896696368
103120023,0.0015259021896696368
103130043,0.0015259021896696368
103139907,0.0015259021896696368
103149902,0.0015259021896696368
103160068,0.0015259021896696368
103169761,0.0015259021896696368
103179948,0.0015259021896696368
103190030,0.0015259021896696368
103199911,0.0015259021896696368
103209800,0.0015259021896696368
103220029,0.0015259021896696368
103229757,0.0015259021896696368
103239905,0.0015259021896696368
103250084,0.0015259021896696368
103259891,0.0015259021896696368
103269834,0.0015259021896696368
103280067,0.0015259021896696368
103289787,0.0015259021896696368
103299900,0.0015259021896696368
103310047,0.0015259021896696368
103319945,0.0015259021896696368
103329792,0.0015259021896696368
103340066,0.0015259021896696368
103349791,0.0015259021896696368
103359893,0.0015259021896696368
103370049,0.0015259021896696368
103379919,0.0015259021896696368
103389819,0.0015259021896696368
103400034,0.0015259021896696368
103409790,0.0015259021896696368
103419899,0.0015259021896696368
103430080,0.0015259021896696368
103439924,0.0015259021896696368
103449790,0.0015259021896696368
103460076,0.0015259021896696368
103469793,0.0015259021896696368
103479896,0.0015259021896696368
103490045,0.0015259021896696368
103499917,0.0015259021896696368
103509811,0.0015259021896696368
103520065,0.0015259021896696368
103529792,0.0015259021896696368
103539937,0.0015259021896696368
103550019,0.0015259021896696368
103559939,0.0015259021896696368
103569857,0.0015259021896696368
103580062,0.0015259021896696368
103589785,0.0015259021896696368
103599923,0.0015259021896696368
103610043,0.0015259021896696368
103619934,0.0015259021896696368
103629822,0.0015259021896696368
103640020,0.0015259021896696368
103649894,0.0015259021896696368
103660040,0.0015259021896696368
103670018,0.0015259021896696368
103680007,0.0015259021896696368
103689813,0.0015259021896696368
103700067,0.0015259021896696368
103709771,0.0015259021896696368
103719948,0.0015259021896696368
103730025,0.0015259021896696368
103739948,0.0015259021896696368
103749841,0.0015259021896696368
103760068,0.0015259021896696368
103769768,0.0015259021896696368
103779915,0.0015259021896696368
103790068,0.0015259021896696368
103799922,0.0015259021896696368
103809832,0.0015259021896696368
103820041,0.0015259021896696368
103829938,0.0015259021896696368
103839914,0.0015259021896696368
103850055,0.0015259021896696368
103859900,0.0015259021896696368
103869800,0.0015259021896696368
103880099,0.0015259021896696368
103889769,0.0015259021896696368
103899916,0.0015259021896696368
103910060,0.0015259021896696368
103919934,0.0015259021896696368
103929836,0.0015259021896696368
103940069,0.0015259021896696368
103949769,0.0015259021896696368
103960051,0.0015259021896696368
103970058,0.0015259021896696368
103979968,0.0015259021896696368
103989830,0.0015259021896696368
104000051,0.0015259021896696368
104009765,0.0015259021896696368
104020023,0.0015259021896696368
104030089,0.0015259021896696368
104039951,0.0015259021896696368
104049798,0.0015259021896696368
104060056,0.0015259021896696368
104069787,0.0015259021896696368
104079901,0.0015259021896696368
104090054,0.0015259021896696368
104099929,0.0015259021896696368
104109799,0.0015259021896696368
104120045,0.0015259021896696368
104129805,0.0015259021896696368
104139914,0.0015259021896696368
104150065,0.0015259021896696368
104159929,0.0015259021896696368
104169785,0.0015259021896696368
104180058,0.0015259021896696368
104189793,0.0015259021896696368
104200020,0.0015259021896696368
104210039,0.0015259021896696368
104219944,0.0015259021896696368
104229818,0.0015259021896696368
104240064,0.0015259021896696368
104249791,0.0015259021896696368
104260271,0.0015259021896696368
104270043,0.0015259021896696368
104279914,0.0015259021896696368
104290207,0.0015259021896696368
104300034,0.0015259021896696368
104309910,0.0015259021896696368
104319920,0.0015259021896696368
104330040,0.0015259021896696368
104339928,0.0015259021896696368
104349827,0.0015259021896696368
104360060,0.0015259021896696368
104369806,0.0015259021896696368
104379942,0.0015259021896696368
104390073,0.0015259021896696368
104399924,0.0015259021896696368
104409806,0.0015259021896696368
104420027,0.0015259021896696368
104429781,0.0015259021896696368
104439929,0.0015259021896696368
104450032,0.0015259021896696368
104459924,0.0015259021896696368
104469819,0.0015259021896696368
104480057,0.0015259021896696368
104489774,0.0015259021896696368
104499925,0.0015259021896696368
104510046,0.0015259021896696368
104519915,0.0015259021896696368
104529813,0.0015259021896696368
104540062,0.0015259021896696368
104549775,0.0015259021896696368
104559920,0.0015259021896696368
104570085,0.0015259021896696368
104579904,0.0015259021896696368
104589808,0.0015259021896696368
104600064,0.0015259021896696368
104609769,0.0015259021896696368
104619920,0.0015259021896696368
104630059,0.0015259021896696368
104639935,0.0015259021896696368
104649857,0.0015259021896696368
104660068,0.0015259021896696368
104669763,0.0015259021896696368
104679913,0.0015259021896696368
104690051,0.0015259021896696368
104699916,0.0015259021896696368
104709839,0.0015259021896696368
104720083,0.0015259021896696368
104729777,0.0015259021896696368
104739911,0.0015259021896696368
104750043,0.0015259021896696368
104759917,0.0015259021896696368
104769836,0.0015259021896696368
104780084,0.0015259021896696368
104789794,0.0015259021896696368
104799917,0.0015259021896696368
104810081,0.0015259021896696368
104819937,0.0015259021896696368
104829801,0.0015259021896696368
104840059,0.0015259021896696368
104849818,0.0015259021896696368
104859916,0.0015259021896696368
104870032,0.0015259021896696368
104879965,0.0015259021896696368
104889823,0.0015259021896696368
104900041,0.0015259021896696368
104909793,0.0015259021896696368
104920070,0.0015259021896696368
104930033,0.0015259021896696368
104939956,0.0015259021896696368
104949851,0.0015259021896696368
104960045,0.0015259021896696368
104969786,0.0015259021896696368
104979930,0.0015259021896696368
104990042,0.0015259021896696368
104999932,0.0015259021896696368
105009806,0.0015259021896696368
105020076,0.0015259021896696368
105029798,0.0015259021896696368
105039940,0.0015259021896696368
105050035,0.0015259021896696368
105059950,0.0015259021896696368
105069846,0.0015259021896696368
105080074,0.0015259021896696368
105089847,0.0015259021896696368
105099926,0.0015259021896696368
105110068,0.0015259021896696368
105119942,0.0015259021896696368
105129839,0.0015259021896696368
105140087,0.0015259021896696368
105149782,0.0015259021896696368
105159927,0.0015259021896696368
105170044,0.0015259021896696368
105179926,0.0015259021896696368
105189821,0.0015259021896696368
105200038,0.0015259021896696368
105209782,0.0015259021896696368
105219923,0.0015259021896696368
105230034,0.0015259021896696368
105239924,0.0015259021896696368
105249818,0.0015259021896696368
105260052,0.0015259021896696368
105269908,0.0015259021896696368
105280058,0.0015259021896696368
105290061,0.0015259021896696368
105299916,0.0015259021896696368
105309933,0.0015259021896696368
105320064,0.0015259021896696368
105329797,0.0015259021896696368
105339923,0.0015259021896696368
105350065,0.0015259021896696368
105359946,0.0015259021896696368
105369851,0.0015259021896696368
105380091,0.0015259021896696368
105389769,0.0015259021896696368
105399932,0.0015259021896696368
105410095,0.0015259021896696368
105419960,0.0015259021896696368
105429949,0.0015259021896696368
105440096,0.0015259021896696368
105449777,0.0015259021896696368
105459926,0.0015259021896696368
105470089,0.0015259021896696368
105479903,0.0015259021896696368
105489862,0.0015259021896696368
105500052,0.0015259021896696368
105509772,0.0015259021896696368
105519914,0.0015259021896696368
105530085,0.0015259021896696368
105539971,0.0015259021896696368
105549847,0.0015259021896696368
105560086,0.0015259021896696368
105569810,0.0015259021896696368
105579918,0.0015259021896696368
105590087,0.0015259021896696368
105599943,0.0015259021896696368
105609886,0.0015259021896696368
105620051,0.0015259021896696368
105629795,0.0015259021896696368
105639924,0.0015259021896696368
105650089,0.0015259021896696368
105659936,0.0015259021896696368
105669803,0.0015259021896696368
105680079,0.0015259021896696368
105689794,0.0015259021896696368
105699915,0.0015259021896696368
105710045,0.0015259021896696368
105719967,0.0015259021896696368
105729790,0.0015259021896696368
105740048,0.0015259021896696368
105749792,0.0015259021896696368
105759912,0.0015259021896696368
105770101,0.0015259021896696368
105779953,0.0015259021896696368
105789873,0.0015259021896696368
105800042,0.0015259021896696368
105809794,0.0015259021896696368
105819941,0.0015259021896696368
105830083,0.0015259021896696368
105839933,0.0015259021896696368
105849969,0.0015259021896696368
105860085,0.0015259021896696368
105869801,0.0015259021896696368
105879933,0.0015259021896696368
105890092,0.0015259021896696368
105899933,0.0015259021896696368
105909886,0.0015259021896696368
105920069,0.0015259021896696368
105929794,0.0015259021896696368
105939934,0.0015259021896696368
105950082,0.0015259021896696368
105959950,0.0015259021896696368
105969887,0.0015259021896696368
105980072,0.0015259021896696368
105989794,0.0015259021896696368
105999927,0.0015259021896696368
106010035,0.0015259021896696368
106019922,0.0015259021896696368
106029822,0.0015259021896696368
106040060,0.0015259021896696368
106049810,0.0015259021896696368
106059925,0.0015259021896696368
106070110,0.0015259021896696368
106079950,0.0015259021896696368
106089816,0.0015259021896696368
106100066,0.0015259021896696368
106109789,0.0015259021896696368
106119918,0.0015259021896696368
106130159,0.0015259021896696368
106139927,0.0015259021896696368
106149849,0.0015259021896696368
106160090,0.0015259021896696368
106169900,0.0015259021896696368
106180094,0.0015259021896696368
106190076,0.0015259021896696368
106199920,0.0015259021896696368
106209840,0.0015259021896696368
106220071,0.0015259021896696368
106229781,0.0015259021896696368
106240035,0.0015259021896696368
106250064,0.0015259021896696368
106259924,0.0015259021896696368
106269809,0.0015259021896696368
106280053,0.0015259021896696368
106289806,0.0015259021896696368
106299945,0.0015259021896696368
106310075,0.0015259021896696368
106319945,0.0015259021896696368
106329908,0.0015259021896696368
106340101,0.0015259021896696368
106349804,7.3929961089494185
106359935,3.517204547188527
106370052,1.9821469443808581
106379980,2.5101091020065667
106389820,1.390096894789039
106400037,-0.8438239108873091
106409789,1.8722819867246443
106419917,3.1448844129091356
106430038,3.7552452887769903
106439982,2.5864042114900485
106449800,2.647440299076834
106460033,2.088960097657747
106469806,2.1927214465552822
106479909,-2.5955596246280663
106490044,2.2201876859693357
106499930,3.929198138399329
106509794,3.0991073472190465
106520028,3.2242313267719567
106529790,2.6413366903181554
106539937,2.8641184100099224
106550048,2.1652552071412288
106559939,1.4389257648584675
106569846,2.1927214465552822
106580040,1.8326085297932337
106589810,1.9729915312428403
106599930,2.693217364766923
106610041,2.1164263370718004
106619930,3.1021591515983857
106629818,2.8549629968719046
106640040,3.0655374990463145
106649795,2.2507057297627284
106659925,1.7776760509651268
106670025,1.432822156099789
106679937,1.3260090028229143
106689812,2.781719691767762
106700030,3.697261005569544
106709794,3.184557869840546
106719934,3.596551461051348
106730074,2.265964751659425
106739948,2.223239490348675
106749831,1.2283512626840576
106760048,0.8255130846112735
106769788,2.9190508888380293
106779932,3.3676661326009025
106790061,3.9169909208819718
106799923,5.137712672617681
106809848,4.496833752956434
106820055,1.89059281300068
106829780,0.5264362554360247
106839935,1.7380025940337163
106850050,1.8753337911039836
106859911,3.303578240634778
106869953,3.898680094605936
106880055,4.011596856641489
106889783,4.185549706263828
106899923,2.937361715114065
106910048,1.756313420309752
106919916,1.2466620889600932
106929808,1.646448462653538
106940057,2.3605706874189423
106949789,2.8519111924925653
106959935,3.7705043106736866
106970054,3.8712138551918827
106979919,4.487678339818416
106989811,3.483634699015795
107000052,2.433813992523085
107009784,2.0157167925536044
107019924,1.9424734874494476
107030045,2.5833524071107092
107039968,2.9190508888380293
107049818,3.3768215457389203
107060086,4.0817883573662925
107069805,4.7623407339589505
107080076,4.585336079957273
107090055,3.1692988479438498
107099954,2.5497825589379772
107109841,2.2751201647974426
107120091,2.4307621881437456
107129804,3.373769741359581
107140023,3.4775310902571164
107150057,3.9566643778133823
107159957,5.046158541237503
107169899,4.576180666819255
107180052,2.815289539940494
107189823,3.2242313267719567
107200016,2.760357061112387
107210039,3.5782406347753124
107220061,2.836652170595869
107229806,4.42969405661097
107240047,4.246585793850613
107249805,5.876249332417785
107260037,4.356450751506827
107270053,3.0655374990463145
107279928,2.8763256275272795
107289839,3.349355306324867
107300033,3.639276722362098
107309797,3.694209201190205
107319938,4.710460059510183
107330148,5.043106736858164
107339911,5.5985351338979115
107350018,4.295414663920042
107360031,3.8132295719844365
107369794,3.2883192187380814
107379949,3.2364385442893138
107390037,4.7959105821316825
107399926,3.3585107194628847
107409961,4.200808728160524
107420048,6.010528725108728
107429799,5.168230716411074
107439948,5.537499046311126
107450047,4.908827344167236
107459956,4.524299992370487
107469816,4.00854505226215
107480030,2.156099794003211
107489817,2.513160906385906
107499943,6.102082856488906
107510005,5.406271457999537
107519955,6.324864576180673
107530090,5.455100328068966
107540107,5.278095674067288
107549844,4.228274967574578
107559931,3.785763332570383
107570066,3.093003738460368
107579926,3.352407110704206
107589816,7.652399481193257
107600061,5.967803463797964
107609896,6.123445487144281
107619935,5.9006637674524995
107630074,5.116350041962306
107640139,4.0482185091935605
107649829,3.062485694666975
107660057,4.4602121004043624
107670053,4.225223163195238
107679958,6.028839551384763
107690050,7.365529869535365
107699934,7.075608453498134
107709819,6.190585183489745
107720051,5.754177157244214
107729792,6.4560921644922615
107739925,3.2639047837033672
107750058,2.177462424658586
107759954,2.3514152742809245
107769809,5.3086137178606805
107780042,5.601586938277251
107789827,7.246509498741133
107799940,6.565957122148475
107810103,7.112230106050205
107819968,6.175326161593048
107829905,3.67284657053483
107840059,3.819333180743115
107849820,2.848859388113226
107859931,5.006485084306092
107870055,5.439841306172269
107879957,8.56183718623636
107889801,11.18638895246815
107900060,9.669642175936517
107909829,5.778591592278929
107919914,1.780727855344466
107930045,0.8010986495765593
107939989,3.4012359807736345
107949806,3.6789501792935084
107960044,7.0359349965667235
107969820,10.771343556878008
107979912,10.17318989852751
107990046,7.823300526436256
107999941,6.373693446250101
108009797,3.3920805676356167
108020109,2.381933318074317
108029923,2.1316853589684968
108039938,3.953612573434043
108050028,7.243457694361794
108059978,12.257572289616235
108069848,9.932097352559694
108080036,9.117265583276108
108089800,8.122377355611505
108099947,4.893568322270539
108110042,4.707408255130844
108120054,-1.5091172655832708
108129934,4.2038605325398635
108140068,7.371633478294044
108149919,9.15083543144884
108159944,8.928053711757073
108170039,8.35431448844129
108180097,8.699168383306628
108189829,7.072556649118795
108200050,5.970855268177303
108209925,6.196688792248423
108219951,4.6952010376134865
108230063,5.421530479896234
108239986,8.165102616922255
108249834,9.06843671320668
108260029,10.01144426642253
108269808,11.320668345159078
108279942,11.000228885328454
108290077,6.0654612039368345
108299934,4.771496147096968
108309830,3.0869001297016894
108320070,4.289311055161363
108329820,6.199740596627763
108340093,8.342107270923933
108350056,9.19661249713893
108359924,11.94018463416495
108369861,10.499732967116813
108380053,8.665598535133896
108389821,3.562981612878616
108399945,3.105210955977725
108410062,2.101167315175104
108419892,4.731822690165558
108429823,8.674753948271913
108440095,11.027695124742507
108449899,12.02258335240711
108460030,10.05416952773328
108470096,8.543526359960325
108479924,6.959639887083242
108489824,4.200808728160524
108500073,2.4307621881437456
108509789,5.622949568932626
108519934,6.691081101701386
108530049,8.747997253376056
108539987,12.046997787441825
108550072,10.545510032806902
108560056,9.584191653315017
108569833,8.274967574578469
108579940,8.274967574578469
108590051,8.274967574578469
108599958,8.274967574578469
108609823,8.274967574578469
108620053,8.274967574578469
108629807,8.274967574578469
108639931,8.274967574578469
108650059,8.274967574578469
108659987,8.274967574578469
108669823,8.274967574578469
108680058,8.274967574578469
108689823,8.274967574578469
108699918,8.274967574578469
108710046,8.274967574578469
108719946,8.274967574578469
108729817,8.274967574578469
108740057,8.274967574578469
108749810,8.274967574578469
108759927,8.274967574578469
108770048,8.274967574578469
108779951,8.274967574578469
108789853,8.274967574578469
108800055,8.274967574578469
108809816,8.274967574578469
108819954,8.274967574578469
108830074,8.274967574578469
108839973,8.274967574578469
108849882,8.274967574578469
108860067,8.274967574578469
108869815,8.274967574578469
108879958,8.274967574578469
108890071,8.274967574578469
108899964,8.274967574578469
108909992,8.274967574578469
108920069,8.274967574578469
108929804,8.274967574578469
108939959,8.274967574578469
108950071,8.274967574578469
108959983,8.274967574578469
108969888,8.274967574578469
108980072,8.274967574578469
108989812,8.274967574578469
108999957,8.274967574578469
109010052,8.274967574578469
109019985,8.274967574578469
109029823,8.274967574578469
109040081,8.274967574578469
109049856,8.274967574578469
109059947,8.274967574578469
109070106,8.274967574578469
109079956,8.274967574578469
109089856,8.274967574578469
109100088,8.274967574578469
109109795,8.274967574578469
109119947,8.274967574578469
109130076,8.274967574578469
109139982,8.274967574578469
109149882,8.274967574578469
109160079,8.274967574578469
109169860,8.274967574578469
109179947,8.274967574578469
109190085,8.274967574578469
109199955,8.274967574578469
109209862,8.274967574578469
109220088,8.274967574578469
109229795,8.274967574578469
109239945,8.274967574578469
109250095,8.274967574578469
109259973,8.274967574578469
109269886,8.274967574578469
109280091,8.274967574578469
109289892,8.274967574578469
109299952,8.274967574578469
109310085,8.274967574578469
109319976,8.274967574578469
109329819,8.274967574578469
109340089,8.274967574578469
109349825,8.274967574578469
109359940,8.274967574578469
109370088,8.274967574578469
109379998,8.274967574578469
109389850,8.274967574578469
109400079,8.274967574578469
109409819,8.274967574578469
109419938,8.274967574578469
109430117,8.274967574578469
109439994,8.274967574578469
109449875,8.274967574578469
109460061,8.274967574578469
109469876,8.274967574578469
109479936,8.274967574578469
109490077,8.274967574578469
109499966,8.274967574578469
109509815,8.274967574578469
109520075,8.274967574578469
109529810,8.274967574578469
109539974,8.274967574578469
109550100,8.274967574578469
109559995,8.274967574578469
109569842,8.274967574578469
109580081,8.274967574578469
109589891,8.274967574578469
109599969,8.274967574578469
109610067,8.274967574578469
109619964,8.274967574578469
109629839,8.274967574578469
109640070,8.274967574578469
109649811,8.274967574578469
109659969,8.274967574578469
109670072,8.274967574578469
109679995,8.274967574578469
109689876,8.274967574578469
109700062,8.274967574578469
109709818,8.274967574578469
109719965,8.274967574578469
109730061,8.274967574578469
109739990,8.274967574578469
109749897,8.274967574578469
109760046,8.274967574578469
109769798,8.274967574578469
109779963,8.274967574578469
109790095,8.274967574578469
109799979,8.274967574578469
109809827,8.274967574578469
109820095,8.274967574578469
109829814,8.274967574578469
109839963,8.274967574578469
109850089,8.274967574578469
109859979,8.274967574578469
109869826,8.274967574578469
109880086,8.274967574578469
109889810,8.274967574578469
109899956,8.274967574578469
109910099,8.274967574578469
109919981,8.274967574578469
109929826,8.274967574578469
109940093,8.274967574578469
109949818,8.274967574578469
109959947,8.274967574578469
109970091,8.274967574578469
109979974,8.274967574578469
109989882,8.274967574578469
110000093,8.274967574578469
110009988,8.274967574578469
110019954,8.274967574578469
110030096,8.274967574578469
110040004,8.274967574578469
110049869,8.274967574578469
110060085,8.274967574578469
110069821,8.274967574578469
110079956,8.274967574578469
110090092,8.274967574578469
110099983,8.274967574578469
110109857,8.274967574578469
110120077,8.274967574578469
110129814,8.274967574578469
110139947,8.274967574578469
110150073,8.274967574578469
110160002,8.274967574578469
110169874,8.274967574578469
110180118,8.274967574578469
110189891,8.274967574578469
110199952,8.274967574578469
110210084,8.274967574578469
110220004,8.274967574578469
110229848,8.274967574578469
110240069,8.274967574578469
110249826,8.274967574578469
110259949,8.274967574578469
110270068,8.274967574578469
110280001,8.274967574578469
110289847,8.274967574578469
110300084,8.274967574578469
110309809,8.274967574578469
110319970,8.274967574578469
110330106,8.274967574578469
110340073,8.274967574578469
110349892,8.274967574578469
110360092,8.274967574578469
110369808,8.274967574578469
110379962,8.274967574578469
110390094,8.274967574578469
110399982,8.274967574578469
110409843,8.274967574578469
110420072,8.274967574578469
110429819,8.274967574578469
110439974,8.274967574578469
110450081,8.274967574578469
110459995,8.274967574578469
110469841,8.274967574578469
110480074,8.274967574578469
110489877,8.274967574578469
110499969,8.274967574578469
110510063,8.274967574578469
110519964,8.274967574578469
110529882,8.274967574578469
110540097,8.274967574578469
110549824,8.274967574578469
110559990,8.274967574578469
110570111,8.274967574578469
110579967,8.274967574578469
110589842,8.274967574578469
110600094,8.274967574578469
110609803,8.274967574578469
110619960,8.274967574578469
110630089,8.274967574578469
110639990,8.274967574578469
110649831,8.274967574578469
110660094,8.274967574578469
110669872,8.274967574578469
110679957,8.274967574578469
110690098,8.274967574578469
110699972,8.274967574578469
110709835,8.274967574578469
110720109,8.274967574578469
110729796,8.274967574578469
110739960,8.274967574578469
110750093,8.274967574578469
110759978,8.274967574578469
110769853,8.274967574578469
110780092,8.274967574578469
110789833,8.274967574578469
110799957,8.274967574578469
110810105,8.274967574578469
110819987,8.274967574578469
110829831,8.274967574578469
110840118,8.274967574578469
110849830,8.274967574578469
110859953,8.274967574578469
110870111,8.274967574578469
110880011,8.274967574578469
110889884,8.274967574578469
110900086,8.274967574578469
110909819,8.274967574578469
110919959,8.274967574578469
110930078,8.274967574578469
110940009,8.274967574578469
110949873,8.274967574578469
110960085,8.274967574578469
110969828,8.274967574578469
110979948,8.274967574578469
110990082,8.274967574578469
110999993,8.274967574578469
111009817,8.274967574578469
111020082,8.274967574578469
111029832,8.274967574578469
111039978,8.274967574578469
111050113,8.274967574578469
111060000,8.274967574578469
111069845,8.274967574578469
111080109,8.274967574578469
111089834,8.274967574578469
111099980,8.274967574578469
111110075,8.274967574578469
111119985,8.274967574578469
111129845,8.274967574578469
111140081,8.274967574578469
111149830,8.274967574578469
111159971,8.274967574578469
111170065,8.274967574578469
111179999,8.274967574578469
111189906,8.274967574578469
111200069,8.274967574578469
111209819,8.274967574578469
111219974,8.274967574578469
111230109,8.274967574578469
111239997,8.274967574578469
111249840,8.274967574578469
111260076,8.274967574578469
111269813,8.274967574578469
111279976,8.274967574578469
111290103,8.274967574578469
111299986,8.274967574578469
111309898,8.274967574578469
111320124,8.274967574578469
111329806,8.274967574578469
111339967,8.274967574578469
111350105,8.274967574578469
111360001,8.274967574578469
111369846,8.274967574578469
111380106,8.274967574578469
111389804,8.274967574578469
111399982,8.274967574578469
111410131,8.274967574578469
111419995,8.274967574578469
111429881,8.274967574578469
111440100,8.274967574578469
111449812,8.274967574578469
111459966,8.274967574578469
111470085,8.274967574578469
111479986,8.274967574578469
111489837,8.274967574578469
111500099,8.274967574578469
111509813,8.274967574578469
111519961,8.274967574578469
111530103,8.274967574578469
111540023,8.274967574578469
111549842,8.274967574578469
111560104,8.274967574578469
111569849,8.274967574578469
111579957,8.274967574578469
111590119,8.274967574578469
111600007,8.274967574578469
111609867,8.274967574578469
111620092,8.274967574578469
111629852,8.274967574578469
111639959,8.274967574578469
111650105,8.274967574578469
111659993,8.274967574578469
111669876,8.274967574578469
111680091,8.274967574578469
111689843,8.274967574578469
111699966,8.274967574578469
111710082,8.274967574578469
111720004,8.274967574578469
111729875,8.274967574578469
111740087,8.274967574578469
111749837,8.274967574578469
111759952,8.274967574578469
111770097,8.274967574578469
111780010,8.274967574578469
111789917,8.274967574578469
111800075,8.274967574578469
111809846,8.274967574578469
111819978,8.274967574578469
111830099,8.274967574578469
111840006,8.274967574578469
111849872,8.274967574578469
111860090,8.274967574578469
111869838,8.274967574578469
111879969,8.274967574578469
111890089,8.274967574578469
111899983,8.274967574578469
111909899,8.274967574578469
111920087,8.274967574578469
111929848,8.274967574578469
111939981,8.274967574578469
111950070,8.274967574578469
111959973,8.274967574578469
111969849,8.274967574578469
111980074,8.274967574578469
111989836,8.274967574578469
111999977,8.274967574578469
112010083,8.274967574578469
112020001,8.274967574578469
112029977,8.274967574578469
112040134,8.274967574578469
112049832,8.274967574578469
112060002,8.274967574578469
112070122,8.274967574578469
112080013,8.274967574578469
112089879,8.274967574578469
112100105,8.274967574578469
112109830,8.274967574578469
112119975,8.274967574578469
112130152,8.274967574578469
112140002,8.274967574578469
112149877,8.274967574578469
112160098,8.274967574578469
112169833,8.274967574578469
112179971,8.274967574578469
112190097,8.274967574578469
112199990,8.274967574578469
112209848,8.274967574578469
112220094,8.274967574578469
112229813,8.274967574578469
112239962,8.274967574578469
112250097,8.274967574578469
112259974,8.274967574578469
112269834,8.274967574578469
112280087,8.274967574578469
112289887,8.274967574578469
112299971,8.274967574578469
112310111,8.274967574578469
112320021,8.274967574578469
112329835,8.274967574578469
112340118,8.274967574578469
112349914,8.274967574578469
112359967,8.274967574578469
112370119,8.274967574578469
112380017,8.274967574578469
112389885,8.274967574578469
112400091,8.274967574578469
112409885,8.274967574578469
112419969,8.274967574578469
112430103,8.274967574578469
112440134,8.274967574578469
112449882,8.274967574578469
112460097,8.274967574578469
112469850,8.274967574578469
112479964,8.274967574578469
112490096,8.274967574578469
112500002,8.274967574578469
112509829,8.274967574578469
112520088,8.274967574578469
112529826,8.274967574578469
112539992,8.274967574578469
112550097,8.274967574578469
112559988,8.274967574578469
112569861,8.274967574578469
112580088,8.274967574578469
112589824,8.274967574578469
112599993,8.274967574578469
112610081,8.274967574578469
112620015,8.274967574578469
112629912,8.274967574578469
112640089,8.274967574578469
112649843,8.274967574578469
112659993,8.274967574578469
112670086,8.274967574578469
112680119,8.274967574578469
112689871,8.274967574578469
112700085,8.274967574578469
112709897,8.274967574578469
112719985,8.274967574578469
112730167,8.274967574578469
112740001,8.274967574578469
112749850,8.274967574578469
112760091,8.274967574578469
112769818,8.274967574578469
112779981,8.274967574578469
112790137,8.274967574578469
112799985,8.274967574578469
112809863,8.274967574578469
112820132,8.274967574578469
112829821,8.274967574578469
112840008,8.274967574578469
112850124,8.274967574578469
112859999,8.274967574578469
112869859,8.274967574578469
112880124,8.274967574578469
112889823,8.274967574578469
112899978,8.274967574578469
112910112,8.274967574578469
112920005,8.274967574578469
112929891,8.274967574578469
112940155,8.274967574578469
112949831,8.274967574578469
112959972,8.274967574578469
112970110,8.274967574578469
112980003,8.274967574578469
112989845,8.274967574578469
113000106,8.274967574578469
113009816,8.274967574578469
113019967,8.274967574578469
113030122,8.274967574578469
113040116,8.274967574578469
113049905,8.274967574578469
113060109,8.274967574578469
113069861,8.274967574578469
113079981,8.274967574578469
113090115,8.274967574578469
113099998,8.274967574578469
113109900,8.274967574578469
113120106,8.274967574578469
113129839,8.274967574578469
113139974,8.274967574578469
113150091,8.274967574578469
113160022,8.274967574578469
113169838,8.274967574578469
113180098,8.274967574578469
113189860,8.274967574578469
113199965,8.274967574578469
113210112,8.274967574578469
113220019,8.274967574578469
113229834,8.274967574578469
113240106,8.274967574578469
113249858,8.274967574578469
113259960,8.274967574578469
113270103,8.274967574578469
113280020,8.274967574578469
113289867,8.274967574578469
113300094,8.274967574578469
113309854,8.274967574578469
113319990,8.274967574578469
113330088,8.274967574578469
113340015,8.274967574578469
113349862,8.274967574578469
113360078,8.274967574578469
113369839,8.274967574578469
113379996,8.274967574578469
113390108,8.274967574578469
113400006,8.274967574578469
113409864,8.274967574578469
113420097,8.274967574578469
113429844,8.274967574578469
113439990,8.274967574578469
113450096,8.274967574578469
113460009,8.274967574578469
113469911,8.274967574578469
113480084,8.274967574578469
113489825,8.274967574578469
113499993,8.274967574578469
113510083,8.274967574578469
113520020,8.274967574578469
113529859,8.274967574578469
113540156,8.274967574578469
113549836,8.274967574578469
113559973,8.274967574578469
113570127,8.274967574578469
113579997,8.274967574578469
113589900,8.274967574578469
113600105,8.274967574578469
113609839,8.274967574578469
113619979,8.274967574578469
113630133,8.274967574578469
113640006,8.274967574578469
113649849,8.274967574578469
113660120,8.274967574578469
113669825,8.274967574578469
113679984,8.274967574578469
113690136,8.274967574578469
113699994,8.274967574578469
113709891,8.274967574578469
113720116,8.274967574578469
113729820,8.274967574578469
113739969,8.274967574578469
113750148,8.274967574578469
113760001,8.274967574578469
113769852,8.274967574578469
113780125,8.274967574578469
113789893,8.274967574578469
113799980,8.274967574578469
113810106,8.274967574578469
113820034,8.274967574578469
113829947,8.274967574578469
113840113,8.274967574578469
113849865,8.274967574578469
113859979,8.274967574578469
113870115,8.274967574578469
113880028,8.274967574578469
113889840,8.274967574578469
113900104,8.274967574578469
113909897,8.274967574578469
113919959,8.274967574578469
113930098,8.274967574578469
113940024,8.274967574578469
113949913,8.274967574578469
113960108,8.274967574578469
113969862,8.274967574578469
113979970,8.274967574578469
113990108,8.274967574578469
114000003,8.274967574578469
114009840,8.274967574578469
114020110,8.274967574578469
114029839,8.274967574578469
114039992,8.274967574578469
114050141,8.274967574578469
114060019,8.274967574578469
114069920,8.274967574578469
114080100,8.274967574578469
114089903,8.274967574578469
114100005,8.274967574578469
114110092,8.274967574578469
114120017,8.274967574578469
114129909,8.274967574578469
114140121,8.274967574578469
114149850,8.274967574578469
114159994,8.274967574578469
114170102,8.274967574578469
114180020,8.274967574578469
114189925,8.274967574578469
114200095,8.274967574578469
114209850,8.274967574578469
114220000,8.274967574578469
114230090,8.274967574578469
114240020,8.274967574578469
114249863,8.274967574578469
114260096,8.274967574578469
114269845,8.274967574578469
114279984,8.274967574578469
114290151,8.274967574578469
114299987,8.274967574578469
114309862,8.274967574578469
114320124,8.274967574578469
114329844,8.274967574578469
114339995,8.274967574578469
114350115,8.274967574578469
114360000,8.274967574578469
114369862,8.274967574578469
114380151,8.274967574578469
114389843,8.274967574578469
114400005,8.274967574578469
114410146,8.274967574578469
114420016,8.274967574578469
114429862,8.274967574578469
114440114,8.274967574578469
114449864,8.274967574578469
114459984,8.274967574578469
114470116,8.274967574578469
114480010,8.274967574578469
114489859,8.274967574578469
114500110,8.274967574578469
114509827,8.274967574578469
114519983,8.274967574578469
114530131,8.274967574578469
114540032,8.274967574578469
114549854,8.274967574578469
114560116,8.274967574578469
114569861,8.274967574578469
114580072,8.274967574578469
114590144,8.274967574578469
114600017,8.274967574578469
114609894,8.274967574578469
114620126,8.274967574578469
114629881,8.274967574578469
114639986,8.274967574578469
114650100,8.274967574578469
114660038,8.274967574578469
114669870,8.274967574578469
114680132,8.274967574578469
114689848,8.274967574578469
114699999,8.274967574578469
114710103,8.274967574578469
114720033,8.274967574578469
114729894,8.274967574578469
114740134,8.274967574578469
114749855,8.274967574578469
114759973,8.274967574578469
114770109,8.274967574578469
114780033,8.274967574578469
114789934,8.274967574578469
114800098,8.274967574578469
114809864,8.274967574578469
114820000,8.274967574578469
114830095,8.274967574578469
114839996,8.274967574578469
114849878,8.274967574578469
114860104,8.274967574578469
114869862,8.274967574578469
114879997,8.274967574578469
114890088,8.274967574578469
114899996,8.274967574578469
114909871,8.274967574578469
114920093,8.274967574578469
114929849,8.274967574578469
114940004,8.274967574578469
114950102,8.274967574578469
114959998,8.274967574578469
114969923,8.274967574578469
114980103,8.274967574578469
114989860,8.274967574578469
114999987,8.274967574578469
115010103,8.274967574578469
115020013,8.274967574578469
115029969,8.274967574578469
115040120,8.274967574578469
115049885,8.274967574578469
115059995,8.274967574578469
115070125,8.274967574578469
115080024,8.274967574578469
115089863,8.274967574578469
115100123,8.274967574578469
115109834,8.274967574578469
115120000,8.274967574578469
115130139,8.274967574578469
115140157,8.274967574578469
115149864,8.274967574578469
115160144,8.274967574578469
115169908,8.274967574578469
115179994,8.274967574578469
115190127,8.274967574578469
115199986,8.274967574578469
115209912,8.274967574578469
115220121,8.274967574578469
115229831,8.274967574578469
115239997,8.274967574578469
115250132,8.274967574578469
115260018,8.274967574578469
115269915,8.274967574578469
115280126,8.274967574578469
115289876,8.274967574578469
115299988,8.274967574578469
115310116,8.274967574578469
115320036,8.274967574578469
115329855,8.274967574578469
115340118,8.274967574578469
115349875,8.274967574578469
115359990,8.274967574578469
115370120,8.274967574578469
115380051,8.274967574578469
115389850,8.274967574578469
115400114,8.274967574578469
115409870,8.274967574578469
115419991,8.274967574578469
115430172,8.274967574578469
115440034,8.274967574578469
115449848,8.274967574578469
115460107,8.274967574578469
115469894,8.274967574578469
115479975,8.274967574578469
115490116,8.274967574578469
115500022,8.274967574578469
115509863,8.274967574578469
115520112,8.274967574578469
115530003,8.274967574578469
115540012,8.274967574578469
115550120,8.274967574578469
115560011,8.274967574578469
115569885,8.274967574578469
115580108,8.274967574578469
115589848,8.274967574578469
115600009,8.274967574578469
115610108,8.274967574578469
115620031,8.274967574578469
115629907,8.274967574578469
115640124,8.274967574578469
115649850,8.274967574578469
115660001,8.274967574578469
115670120,8.274967574578469
115680028,8.274967574578469
115689939,8.274967574578469
115700103,8.274967574578469
115709859,8.274967574578469
115719995,8.274967574578469
115730108,8.274967574578469
115740019,8.274967574578469
115749908,8.274967574578469
115760110,8.274967574578469
115769847,8.274967574578469
115779996,8.274967574578469
115790157,8.274967574578469
115800011,8.274967574578469
115809870,8.274967574578469
115820150,8.274967574578469
115829838,8.274967574578469
115839990,8.274967574578469
115850153,8.274967574578469
115860020,8.274967574578469
115869902,8.274967574578469
115880124,8.274967574578469
115889906,8.274967574578469
115900018,8.274967574578469
115910128,8.274967574578469
115920021,8.274967574578469
115929869,8.274967574578469
115940112,8.274967574578469
115949853,8.274967574578469
115960003,8.274967574578469
115970119,8.274967574578469
115980003,8.274967574578469
115989917,8.274967574578469
116000124,8.274967574578469
116009835,8.274967574578469
116019992,8.274967574578469
116030126,8.274967574578469
116040025,8.274967574578469
116049918,8.274967574578469
116060125,8.274967574578469
116069866,8.274967574578469
116080043,8.274967574578469
116090124,8.274967574578469
116100015,8.274967574578469
116109917,8.274967574578469
116120124,8.274967574578469
116129863,8.274967574578469
116139990,8.274967574578469
116150129,8.274967574578469
116160025,8.274967574578469
116169887,8.274967574578469
116180115,8.274967574578469
116189923,8.274967574578469
116199980,8.274967574578469
116210116,8.274967574578469
116220037,8.274967574578469
116229912,8.274967574578469
116240146,8.274967574578469
116249912,8.274967574578469
116259987,8.274967574578469
116270123,8.274967574578469
116280016,8.274967574578469
116289888,8.274967574578469
116300113,8.274967574578469
116309859,8.274967574578469
116320021,8.274967574578469
116330143,8.274967574578469
116340050,8.274967574578469
116349883,8.274967574578469
116360121,8.274967574578469
116369875,8.274967574578469
116380013,8.274967574578469
116390120,8.274967574578469
116400009,8.274967574578469
116409876,8.274967574578469
116420129,8.274967574578469
116429929,8.274967574578469
116440020,8.274967574578469
116450098,8.274967574578469
116460039,8.274967574578469
116469932,8.274967574578469
116480116,8.274967574578469
116489847,8.274967574578469
116500013,8.274967574578469
116510111,8.274967574578469
116520019,8.274967574578469
116529909,8.274967574578469
116540142,8.274967574578469
116549853,8.274967574578469
116560014,8.274967574578469
116570149,8.274967574578469
116579999,8.274967574578469
116589875,8.274967574578469
116600139,8.274967574578469
116609863,8.274967574578469
116620002,8.274967574578469
116630170,8.274967574578469
116640025,8.274967574578469
116649924,8.274967574578469
116660139,8.274967574578469
116669864,8.274967574578469
116680006,8.274967574578469
116690147,8.274967574578469
116699997,8.274967574578469
116709906,8.274967574578469
116720143,8.274967574578469
116729855,8.274967574578469
116740000,8.274967574578469
116750145,8.274967574578469
116760002,8.274967574578469
116769920,8.274967574578469
116780153,8.274967574578469
116789870,8.274967574578469
116799999,8.274967574578469
116810139,8.274967574578469
116820054,8.274967574578469
116829923,8.274967574578469
116840139,8.274967574578469
116849870,8.274967574578469
116859990,8.274967574578469
116870141,8.274967574578469
116880047,8.274967574578469
116889909,8.274967574578469
116900127,8.274967574578469
116909944,8.274967574578469
116919993,8.274967574578469
116930132,8.274967574578469
116940063,8.274967574578469
116949919,8.274967574578469
116960124,8.274967574578469
116969872,8.274967574578469
116979990,8.274967574578469
116990147,8.274967574578469
117000033,8.274967574578469
117009862,8.274967574578469
117020140,8.274967574578469
117029873,8.274967574578469
117040026,8.274967574578469
117050123,8.274967574578469
117060033,8.274967574578469
117069943,8.274967574578469
117080128,8.274967574578469
117089864,8.274967574578469
117100018,8.274967574578469
117110121,8.274967574578469
117120033,8.274967574578469
117130032,8.274967574578469
117140110,8.274967574578469
117149874,8.274967574578469
117160016,8.274967574578469
117170121,8.274967574578469
117180036,8.274967574578469
117189886,8.274967574578469
117200115,8.274967574578469
117209857,8.274967574578469
117220008,8.274967574578469
117230168,8.274967574578469
117240007,8.274967574578469
117249990,8.274967574578469
117260106,8.274967574578469
117269853,8.274967574578469
117280011,8.274967574578469
117290142,8.274967574578469
117300020,8.274967574578469
117309905,8.274967574578469
117320135,8.274967574578469
117329871,8.274967574578469
117340171,8.274967574578469
117350143,8.274967574578469
117360030,8.274967574578469
117369909,8.274967574578469
117380153,8.274967574578469
117389860,8.274967574578469
117400009,8.274967574578469
117410140,8.274967574578469
117420031,8.274967574578469
117429990,8.274967574578469
117440169,8.274967574578469
117449866,8.274967574578469
117460002,8.274967574578469
117470160,8.274967574578469
117480027,8.274967574578469
117489940,8.274967574578469
117500135,8.274967574578469
117509841,8.274967574578469
117520003,8.274967574578469
117530148,8.274967574578469
117540054,8.274967574578469
117549925,8.274967574578469
117560141,8.274967574578469
117569883,8.274967574578469
117580042,8.274967574578469
117590144,8.274967574578469
117600030,8.274967574578469
117609867,8.274967574578469
117620133,8.274967574578469
117629875,8.274967574578469
117639987,8.274967574578469
117650143,8.274967574578469
117660038,8.274967574578469
117669925,8.274967574578469
117680128,8.274967574578469
117690084,8.274967574578469
117699998,8.274967574578469
117710141,8.274967574578469
117720039,8.274967574578469
117729923,8.274967574578469
117740164,8.274967574578469
117749886,8.274967574578469
117759996,8.274967574578469
117770150,8.274967574578469
117780036,8.274967574578469
117789899,8.274967574578469
117800135,8.274967574578469
117809882,8.274967574578469
117820018,8.274967574578469
117830116,8.274967574578469
117840029,8.274967574578469
117850002,8.274967574578469
117860121,8.274967574578469
117870002,8.274967574578469
117880035,8.274967574578469
117890111,8.274967574578469
117900023,8.274967574578469
117909940,8.274967574578469
117920121,8.274967574578469
117929904,8.274967574578469
117940029,8.274967574578469
117950134,8.274967574578469
117960049,8.274967574578469
117969942,8.274967574578469
117980144,8.274967574578469
117989870,8.274967574578469
118000002,8.274967574578469
118010121,8.274967574578469
118020013,8.274967574578469
118029896,8.274967574578469
118040142,8.274967574578469
118049874,8.274967574578469
118060010,8.274967574578469
118070168,8.274967574578469
118080031,8.274967574578469
118089886,8.274967574578469
118100135,8.274967574578469
118109858,8.274967574578469
118120017,8.274967574578469
118130139,8.274967574578469
118140008,8.274967574578469
118149885,8.274967574578469
118160138,8.274967574578469
118169858,8.274967574578469
118180012,8.274967574578469
118190138,8.274967574578469
118200029,8.274967574578469
118209885,8.274967574578469
118220130,8.274967574578469
118230202,8.274967574578469
118240007,8.274967574578469
118250142,8.274967574578469
118260007,8.274967574578469
118269928,8.274967574578469
118280145,8.274967574578469
118289899,8.274967574578469
118300008,8.274967574578469
118310141,8.274967574578469
118320071,8.274967574578469
118330034,8.274967574578469
118340144,8.274967574578469
118349955,8.274967574578469
118360042,8.274967574578469
118370140,8.274967574578469
118380060,8.274967574578469
118389926,8.274967574578469
118400131,8.274967574578469
118409896,8.274967574578469
118420003,8.274967574578469
118430165,8.274967574578469
118440175,8.274967574578469
118449981,8.274967574578469
118460144,8.274967574578469
118469948,8.274967574578469
118480002,8.274967574578469
118490157,8.274967574578469
118500049,8.274967574578469
118509880,8.274967574578469
118520126,8.274967574578469
118529885,8.274967574578469
118540026,8.274967574578469
118550138,8.274967574578469
118560050,8.274967574578469
118569896,8.274967574578469
118580142,8.274967574578469
118589867,8.274967574578469
118600030,8.274967574578469
118610128,8.274967574578469
118620063,8.274967574578469
118630007,8.274967574578469
118640131,8.274967574578469
118649883,8.274967574578469
118660025,8.274967574578469
118670151,8.274967574578469
118680025,8.274967574578469
118689895,8.274967574578469
118700121,8.274967574578469
118709871,8.274967574578469
118720025,8.274967574578469
118730134,8.274967574578469
118740035,8.274967574578469
118749955,8.274967574578469
118760126,8.274967574578469
118769870,8.274967574578469
118780026,8.274967574578469
118790148,8.274967574578469
118800015,8.274967574578469
118809926,8.274967574578469
118820157,8.274967574578469
118829867,8.274967574578469
118840046,8.274967574578469
118850151,8.274967574578469
118860043,8.274967574578469
118869939,8.274967574578469
118880150,8.274967574578469
118889858,8.274967574578469
118900020,8.274967574578469
118910202,8.274967574578469
118920033,8.274967574578469
118930017,8.274967574578469
118940138,8.274967574578469
118949880,8.274967574578469
118960012,8.274967574578469
118970146,8.274967574578469
118980035,8.274967574578469
118989950,8.274967574578469
119000139,8.274967574578469
119009872,8.274967574578469
119020003,8.274967574578469
119030141,8.274967574578469
119040071,8.274967574578469
119049942,8.274967574578469
119060151,8.274967574578469
119069927,8.274967574578469
119080017,8.274967574578469
119090142,8.274967574578469
119100210,8.274967574578469
119109907,8.274967574578469
119120146,8.274967574578469
119129880,8.274967574578469
119140011,8.274967574578469
119150147,8.274967574578469
119160065,8.274967574578469
119169929,8.274967574578469
119180144,8.274967574578469
119189949,8.274967574578469
119200131,8.274967574578469
119210142,8.274967574578469
119220061,8.274967574578469
119230010,8.274967574578469
119240178,8.274967574578469
119249881,8.274967574578469
119260002,8.274967574578469
119270159,8.274967574578469
119280063,8.274967574578469
119289964,8.274967574578469
119300141,8.274967574578469
119309890,8.274967574578469
119320056,8.274967574578469
119330124,8.274967574578469
119340050,8.274967574578469
119349903,8.274967574578469
119360180,8.274967574578469
119369937,8.274967574578469
119380027,8.274967574578469
119390136,8.274967574578469
119400041,8.274967574578469
119409932,8.274967574578469
119420132,8.274967574578469
119429876,8.274967574578469
119440033,8.274967574578469
119450156,8.274967574578469
119460034,8.274967574578469
119469897,8.274967574578469
119480133,8.274967574578469
119489868,8.274967574578469
119500032,8.274967574578469
119510260,8.274967574578469
119520035,8.274967574578469
119531513,8.274967574578469
119540600,8.274967574578469
119549895,8.274967574578469
119560028,8.274967574578469
119570170,8.274967574578469
119580044,8.274967574578469
119589968,8.274967574578469
119600148,8.274967574578469
119609867,8.274967574578469
119620021,8.274967574578469
119630038,8.274967574578469
119640052,8.274967574578469
119649899,8.274967574578469
119660152,8.274967574578469
119669877,8.274967574578469
119680025,8.274967574578469
119690174,8.274967574578469
119700020,8.274967574578469
119709895,8.274967574578469
119720170,8.274967574578469
119729873,8.274967574578469
119740023,8.274967574578469
119750189,8.274967574578469
119760041,8.274967574578469
119769884,8.274967574578469
119780160,8.274967574578469
119789890,8.274967574578469
119800005,8.274967574578469
119810149,8.274967574578469
119820075,8.274967574578469
119829939,8.274967574578469
119840146,8.274967574578469
119849903,8.274967574578469
119860017,8.274967574578469
119870151,8.274967574578469
119880070,8.274967574578469
119889942,8.274967574578469
119900142,8.274967574578469
119909898,8.274967574578469
119920013,8.274967574578469
119930167,8.274967574578469
119940269,8.274967574578469
119949890,8.274967574578469
119960182,8.274967574578469
119969886,8.274967574578469
119980016,8.274967574578469
119990166,8.274967574578469
120000047,8.274967574578469
120009933,8.274967574578469
120020175,8.274967574578469
120029879,8.274967574578469
120040171,8.274967574578469
120050153,8.274967574578469
120060056,8.274967574578469
120069966,8.274967574578469
120080141,8.274967574578469
120090008,8.274967574578469
120100053,8.274967574578469
120110156,8.274967574578469
120120063,8.274967574578469
120129952,8.274967574578469
120140146,8.274967574578469
120149890,8.274967574578469
120160034,8.274967574578469
120170131,8.274967574578469
120180040,8.274967574578469
120189907,8.274967574578469
120200134,8.274967574578469
120209898,8.274967574578469
120220037,8.274967574578469
120230145,8.274967574578469
120240049,8.274967574578469
120249955,8.274967574578469
120260134,8.274967574578469
120269883,8.274967574578469
120280027,8.274967574578469
120290178,8.274967574578469
120300031,8.274967574578469
120309934,8.274967574578469
120320162,8.274967574578469
120329870,8.274967574578469
120340032,8.274967574578469
120350160,8.274967574578469
120360035,8.274967574578469
120369905,8.274967574578469
120380192,8.274967574578469
120389883,8.274967574578469
120400036,8.274967574578469
120410156,8.274967574578469
120420047,8.274967574578469
120429894,8.274967574578469
120440149,8.274967574578469
120449886,8.274967574578469
120460028,8.274967574578469
120470146,8.274967574578469
120480020,8.274967574578469
120489929,8.274967574578469
120500150,8.274967574578469
120509932,8.274967574578469
120520024,8.274967574578469
120530162,8.274967574578469
120540077,8.274967574578469
120549893,8.274967574578469
120560164,8.274967574578469
120569897,8.274967574578469
120580131,8.274967574578469
120590151,8.274967574578469
120600073,8.274967574578469
120609897,8.274967574578469
120620149,8.274967574578469
120629892,8.274967574578469
120640017,8.274967574578469
120650152,8.274967574578469
120660046,8.274967574578469
120669900,8.274967574578469
120680148,8.274967574578469
120689901,8.274967574578469
120700016,8.274967574578469
120710153,8.274967574578469
120720058,8.274967574578469
120729922,8.274967574578469
120740144,8.274967574578469
120749908,8.274967574578469
120760046,8.274967574578469
120770147,8.274967574578469
120780070,8.274967574578469
120789969,8.274967574578469
120800142,8.274967574578469
120809904,8.274967574578469
120820044,8.274967574578469
120830143,8.274967574578469
120840045,8.274967574578469
120849921,8.274967574578469
120860141,8.274967574578469
120869899,8.274967574578469
120880145,8.274967574578469
120890150,8.274967574578469
120900051,8.274967574578469
120909957,8.274967574578469
120920137,8.274967574578469
120929882,8.274967574578469
120940041,8.274967574578469
120950172,8.274967574578469
120960042,8.274967574578469
120969968,8.274967574578469
120980146,8.274967574578469
120989891,8.274967574578469
121000039,8.274967574578469
121010136,8.274967574578469
121020163,8.274967574578469
121029912,8.274967574578469
121040151,8.274967574578469
121049894,8.274967574578469
121060037,8.274967574578469
121070178,8.274967574578469
121080054,8.274967574578469
121089900,8.274967574578469
121100164,8.274967574578469
121109879,8.274967574578469
121120138,8.274967574578469
121130199,8.274967574578469
121140071,8.274967574578469
121149908,8.274967574578469
121160163,8.274967574578469
121169892,8.274967574578469
121180034,8.274967574578469
121190184,8.274967574578469
121200029,8.274967574578469
121209955,8.274967574578469
121220182,8.274967574578469
121229866,8.274967574578469
121240028,8.274967574578469
121250144,8.274967574578469
121260060,8.274967574578469
121269940,8.274967574578469
121280163,8.274967574578469
121289898,8.274967574578469
121300033,8.274967574578469
121310160,8.274967574578469
121320085,8.274967574578469
121329896,8.274967574578469
121340157,8.274967574578469
121349915,8.274967574578469
121360031,8.274967574578469
121370167,8.274967574578469
121380078,8.274967574578469
121389901,8.274967574578469
121400147,8.274967574578469
121409915,8.274967574578469
121420015,8.274967574578469
121430146,8.274967574578469
121440070,8.274967574578469
121450008,8.274967574578469
121460159,8.274967574578469
121469908,8.274967574578469
121480018,8.274967574578469
121490174,8.274967574578469
121500063,8.274967574578469
121509892,8.274967574578469
121520153,8.274967574578469
121530038,8.274967574578469
121540048,8.274967574578469
121550150,8.274967574578469
121560070,8.274967574578469
121569918,8.274967574578469
121580164,8.274967574578469
121589903,8.274967574578469
121600057,8.274967574578469
121610164,8.274967574578469
121620071,8.274967574578469
121629916,8.274967574578469
121640148,8.274967574578469
121649902,8.274967574578469
121660041,8.274967574578469
121670153,8.274967574578469
121680043,8.274967574578469
121689976,8.274967574578469
121700142,8.274967574578469
121709893,8.274967574578469
121720040,8.274967574578469
121730159,8.274967574578469
121740065,8.274967574578469
121749979,8.274967574578469
121760146,8.274967574578469
121769958,8.274967574578469
121780037,8.274967574578469
121790199,8.274967574578469
121800049,8.274967574578469
121809944,8.274967574578469
121820170,8.274967574578469
121829902,8.274967574578469
121840037,8.274967574578469
121850200,8.274967574578469
121860027,8.274967574578469
121869914,8.274967574578469
121880165,8.274967574578469
121889900,8.274967574578469
121900046,8.274967574578469
121910165,8.274967574578469
121920053,8.274967574578469
121930067,8.274967574578469
121940166,8.274967574578469
121949950,8.274967574578469
121960036,8.274967574578469
121970168,8.274967574578469
121980020,8.274967574578469
121989954,8.274967574578469
122000159,8.274967574578469
122009896,8.274967574578469
122020034,8.274967574578469
122030161,8.274967574578469
122040093,8.274967574578469
122049940,8.274967574578469
122060162,8.274967574578469
122069914,8.274967574578469
122080021,8.274967574578469
122090156,8.274967574578469
122100202,8.274967574578469
122109933,8.274967574578469
122120160,8.274967574578469
122129919,8.274967574578469
122140037,8.274967574578469
122150169,8.274967574578469
122160079,8.274967574578469
122169948,8.274967574578469
122180167,8.274967574578469
122189903,8.274967574578469
122200030,8.274967574578469
122210166,8.274967574578469
122220088,8.274967574578469
122229896,8.274967574578469
122240167,8.274967574578469
122249914,8.274967574578469
122260031,8.274967574578469
122270160,8.274967574578469
122280073,8.274967574578469
122289938,8.274967574578469
122300160,8.274967574578469
122309912,8.274967574578469
122320052,8.274967574578469
122330157,8.274967574578469
122340085,8.274967574578469
122349923,8.274967574578469
122360164,8.274967574578469
122369938,8.274967574578469
122380061,8.274967574578469
122390152,8.274967574578469
122400049,8.274967574578469
122409981,8.274967574578469
122420150,8.274967574578469
122429912,8.274967574578469
122440053,8.274967574578469
122450179,8.274967574578469
122460077,8.274967574578469
122470172,8.274967574578469
122480172,8.274967574578469
122489892,8.274967574578469
122500033,8.274967574578469
122510328,8.274967574578469
122520076,8.274967574578469
122529956,8.274967574578469
122540191,8.274967574578469
122549909,8.274967574578469
122560045,8.274967574578469
122570173,8.274967574578469
122580066,8.274967574578469
122589968,8.274967574578469
122600172,8.274967574578469
122609902,8.274967574578469
122620043,8.274967574578469
122630174,8.274967574578469
122640048,8.274967574578469
122649918,8.274967574578469
122660178,8.274967574578469
122669887,8.274967574578469
122680042,8.274967574578469
122690193,8.274967574578469
122700066,8.274967574578469
122709955,8.274967574578469
122720164,8.274967574578469
122729900,8.274967574578469
122740055,8.274967574578469
122750175,8.274967574578469
122760059,8.274967574578469
122769965,8.274967574578469
122780198,8.274967574578469
122789922,8.274967574578469
122800046,8.274967574578469
122810163,8.274967574578469
122820092,8.274967574578469
122829957,8.274967574578469
122840187,8.274967574578469
122849909,8.274967574578469
122860032,8.274967574578469
122870160,8.274967574578469
122880067,8.274967574578469
122889905,8.274967574578469
122900166,8.274967574578469
122909906,8.274967574578469
122920039,8.274967574578469
122930162,8.274967574578469
122940085,8.274967574578469
122949953,8.274967574578469
122960170,8.274967574578469
122969922,8.274967574578469
122980031,8.274967574578469
122990182,8.274967574578469
123000058,8.274967574578469
123009899,8.274967574578469
123020161,8.274967574578469
123030140,8.274967574578469
123040054,8.274967574578469
123050164,8.274967574578469
123060088,8.274967574578469
123069929,8.274967574578469
123080160,8.274967574578469
123089915,8.274967574578469
123100059,8.274967574578469
123110171,8.274967574578469
123120089,8.274967574578469
123130050,8.274967574578469
123140172,8.274967574578469
123149896,8.274967574578469
123160064,8.274967574578469
123170179,8.274967574578469
123180074,8.274967574578469
123189948,8.274967574578469
123200165,8.274967574578469
123209946,8.274967574578469
123220048,8.274967574578469
123230116,8.274967574578469
123240074,8.274967574578469
123249929,8.274967574578469
123260162,8.274967574578469
123269902,8.274967574578469
123280050,8.274967574578469
123290209,8.274967574578469
123300066,8.274967574578469
123309955,8.274967574578469
123320201,8.274967574578469
123329909,8.274967574578469
123340057,8.274967574578469
123350193,8.274967574578469
123360073,8.274967574578469
123369975,8.274967574578469
123380183,8.274967574578469
123389960,8.274967574578469
123400056,8.274967574578469
123410204,8.274967574578469
123420050,8.274967574578469
123429911,8.274967574578469
123440192,8.274967574578469
123449905,8.274967574578469
123460049,8.274967574578469
123470171,8.274967574578469
123480048,8.274967574578469
123489936,8.274967574578469
123500169,8.274967574578469
123509900,8.274967574578469
123520040,8.274967574578469
123530216,8.274967574578469
123540088,8.274967574578469
123549920,8.274967574578469
123560198,8.274967574578469
123569983,8.274967574578469
123580032,8.274967574578469
123590199,8.274967574578469
123600078,8.274967574578469
123609915,8.274967574578469
123620170,8.274967574578469
123630062,8.274967574578469
123640027,8.274967574578469
123650212,8.274967574578469
123660088,8.274967574578469
123669909,8.274967574578469
123680161,8.274967574578469
123689916,8.274967574578469
123700029,8.274967574578469
123710168,8.274967574578469
123720073,8.274967574578469
123729905,8.274967574578469
123740187,8.274967574578469
123749928,8.274967574578469
123760043,8.274967574578469
123770166,8.274967574578469
123780106,8.274967574578469
123789947,8.274967574578469
123800161,8.274967574578469
123809900,8.274967574578469
123820064,8.274967574578469
123830163,8.274967574578469
123840088,8.274967574578469
123849968,8.274967574578469
123860176,8.274967574578469
123869908,8.274967574578469
123880067,8.274967574578469
123890165,8.274967574578469
123900096,8.274967574578469
123909931,8.274967574578469
123920163,8.274967574578469
123929904,8.274967574578469
123940052,8.274967574578469
123950162,8.274967574578469
123960064,8.274967574578469
123969928,8.274967574578469
123980151,8.274967574578469
123989902,8.274967574578469
124000064,8.274967574578469
124010163,8.274967574578469
124020078,8.274967574578469
124029968,8.274967574578469
124040192,8.274967574578469
124049921,8.274967574578469
124060064,8.274967574578469
124070185,8.274967574578469
124080078,8.274967574578469
124089981,8.274967574578469
124100184,8.274967574578469
124109906,8.274967574578469
124120062,0.0015259021896696368
124130192,0.0015259021896696368
124140060,0.0015259021896696368
124149938,0.0015259021896696368
124160223,0.0015259021896696368
124169904,0.0015259021896696368
124180051,0.0015259021896696368
124190186,0.0015259021896696368
124200037,0.0015259021896696368
124209932,0.0015259021896696368
124220188,0.0015259021896696368
124229893,0.0015259021896696368
124240076,0.0015259021896696368
124250177,0.0015259021896696368
124260062,0.0015259021896696368
124269929,0.0015259021896696368
124280166,0.0015259021896696368
124289915,5.824368657969018
124300032,-2.793926909285119
124310145,2.525368123903263
124320062,-2.74814984359503
124329916,1.4206149385824318
124340169,0.697337300679024
124349947,1.087968261234451
124360045,0.5691615167467745
124370166,2.36972610055696
124380073,3.675898374914169
124389918,-1.1490043488212365
124400186,3.2089723048752603
124409922,3.1662470435645105
124420026,4.5059891660944515
124430160,0.14801251239795477
124440078,3.071641107804993
124450006,3.407339589532313
124460213,2.1744106202792466
124469933,1.5396353093766635
124480033,2.5986114290074056
124490159,1.9119554436560549
124500047,1.991302357518876
124510091,4.200808728160524
124520194,0.11749446860456203
124529943,1.075761043717094
124540055,-0.49591821164263195
124550208,2.726787212939655
124560078,4.966811627374682
124569964,1.936369878690769
124580153,1.969939726863501
124589927,-0.29755092698557917
124600057,2.3971923399710136
124610176,2.592507820248727
124620076,2.6626993209735303
124630062,3.7552452887769903
124640172,3.483634699015795
124649926,2.589456015869388
124660048,3.1235217822537606
124670150,2.7786678873884227
124680146,1.9119554436560549
124689962,1.734950789654377
124700150,-0.5142290379186676
124709939,2.366674296177621
124720057,2.604715037766084
124730146,5.287251087205306
124740096,4.606698710612648
124749971,3.8559548332951863
124760151,2.024872205691622
124769925,1.7624170290684305
124780058,0.09918364232852639
124790194,1.545738918135342
124800051,4.2038605325398635
124809969,4.475471122301059
124820175,4.774547951476308
124830059,4.13366903181506
124840043,2.7176317998016373
124850182,0.9811551079575764
124860044,0.7827878233005237
124869935,-1.1795223926146292
124880182,1.7959868772411625
124889921,2.4429694056611027
124900043,1.9119554436560549
124910172,5.89761196307316
124920060,4.924086366063932
124929943,-1.6586556801708952
124940173,-0.5233844510566854
124950034,-0.32196536202029336
124960061,1.2314030670633969
124970174,3.218127718013278
124980028,0.6912336919203454
124989946,1.6159304188601453
125000175,4.234378576333256
125009895,2.333104448004889
125020065,4.753185320820933
125030214,4.802014190890361
125040066,0.5874723430228102
125049938,6.16922255283437
125060158,6.425574120698869
125069950,6.468299382009619
125080046,4.655527580682076
125090186,3.016708628976886
125100069,3.028915846494243
125109933,4.921034561684593
125120064,1.8997482261386978
125130044,0.0869764248111693
125140035,3.0685893034256537
125150199,4.151979858091096
125160142,2.1042191195544433
125170009,4.118410009918364
125180160,6.224155031662477
125189937,5.680933852140072
125200151,0.16937514305332968
125210154,3.205920500495921
125220062,2.534523537041281
125230191,6.657511253528654
125240212,2.5284199282826023
125249926,6.913862821393153
125260060,4.902723735408557
125270177,8.198672465094987
125280083,4.59754329747463
125289944,4.1824979018844886
125300160,4.1367208361943995
125309934,4.588387884336612
125320065,5.250629434653234
125330169,1.445029373617146
125340076,5.738918135347518
125349996,6.962691691462581
125360152,4.969863431754021
125369933,4.454108491645684
125380064,4.710460059510183
125390169,4.835584039063093
125400085,5.204852368963145
125409996,2.0279240100709615
125420164,4.200808728160524
125429927,4.252689402609292
125440074,7.350270847638669
125450147,5.406271457999537
125460065,6.721599145494778
125469963,4.42969405661097
125480154,6.413366903181512
125489943,4.655527580682076
125500067,4.893568322270539
125510128,2.1622034027618895
125520042,1.7654688334477697
125530182,5.229266803997859
125540267,4.573128862439916
125549931,7.338063630121312
125560056,6.257724879835209
125570153,4.966811627374682
125580042,4.988174258030057
125589933,1.9638361181048225
125600193,1.1825741969939685
125609923,4.173342488746471
125620148,4.753185320820933
125630176,10.05416952773328
125640160,8.4794384679942
125650032,9.953459983215069
125660186,4.652475776302737
125669921,4.402227817196916
125680052,3.0350194552529217
125690173,4.582284275577933
125700062,5.317769130998698
125709935,6.034943160143442
125720212,7.158007171740294
125729928,7.774471656366828
125740045,4.887464713511861
125750154,5.546654459449144
125760066,5.659571221484697
125769929,1.8448157473105908
125780164,3.184557869840546
125789933,4.158083466849774
125800038,4.841687647821772
125810177,6.9352254520485275
125820123,11.235217822537578
125829946,9.977874418249783
125840151,7.9056992446784164
125849958,4.567025253681237
125860037,0.7186999313343989
125870203,1.545738918135342
125880095,3.79797055008774
125889925,5.2414740215152165
125900169,6.84061951628901
125909942,13.533226520180051
125920152,10.252536812390332
125930179,8.06134126802472
125940168,6.453040360112922
125950015,4.612802319371326
125960195,1.1642633707179328
125969943,1.5091172655832708
125980047,4.536507209887844
125990169,11.793698023956665
126000053,10.121309224078743
126009932,9.440756847486071
126020156,7.835507743953613
126029931,8.039978637369344
126040169,5.421530479896234
126050159,5.021744106202789
126060088,3.163195239185171
126070060,4.496833752956434
126080172,8.870069428549627
126089945,8.662546730754556
126100071,9.333943694209196
126110203,9.166094453345536
126120208,9.117265583276108
126129951,7.447928587777525
126140154,6.147859922178995
126149939,4.46936751354238
126160175,5.302510109102002
126170151,5.885404745555803
126180055,7.045090409704741
126189945,8.81208514534218
126200158,9.517051956969553
126210050,10.701152056153205
126220069,8.836499580376895
126230154,4.63721675440604
126240179,4.6616311894407545
126250056,3.874265659571222
126260199,4.881361104753182
126269948,6.507972838941029
126280071,9.120317387655447
126290187,10.298313878080421
126300059,10.853742275120169
126309945,9.1477836270695
126320170,8.06134126802472
126329933,4.277103837644006
126340051,3.0991073472190465
126350185,3.9017318989852754
126360171,5.708400091554125
126369977,8.842603189135573
126380183,11.747920958266576
126389931,12.590218966964215
126400173,10.325780117494475
126410175,8.445868619821468
126420074,6.807049668116278
126430068,3.9597161821927216
126440177,3.8040741588464186
126449933,4.930189974822611
126460052,7.566948958571757
126470158,9.370565346761268
126480083,11.827267872129397
126490075,10.746929121843294
126500176,9.724574654764623
126509916,8.262760357061111
126520069,7.4265659571221505
126530180,2.3514152742809245
126540086,3.1876096742198854
126550042,4.859998474097807
126560209,7.243457694361794
126569954,9.626916914625767
126580053,11.567864499885559
126590181,10.917830167086294
126600042,9.102006561379412
126609938,9.102006561379412
126620188,9.102006561379412
126629944,9.102006561379412
126640050,9.102006561379412
126650185,9.102006561379412
126660073,9.102006561379412
126669934,9.102006561379412
126680189,9.102006561379412
126689944,9.102006561379412
126700058,9.102006561379412
126710222,9.102006561379412
126720107,9.102006561379412
126729938,9.102006561379412
126740183,9.102006561379412
126749959,9.102006561379412
126760047,9.102006561379412
126770183,9.102006561379412
126780091,9.102006561379412
126789969,9.102006561379412
126800177,9.102006561379412
126809950,9.102006561379412
126820072,9.102006561379412
126830204,9.102006561379412
126840063,9.102006561379412
126849997,9.102006561379412
126860213,9.102006561379412
126869940,9.102006561379412
126880080,9.102006561379412
126890187,9.102006561379412
126900075,9.102006561379412
126909990,9.102006561379412
126920180,9.102006561379412
126930066,9.102006561379412
126940181,9.102006561379412
126950182,9.102006561379412
126960105,9.102006561379412
126969986,9.102006561379412
126980200,9.102006561379412
126989935,9.102006561379412
127000075,9.102006561379412
127010182,9.102006561379412
127020099,9.102006561379412
127029958,9.102006561379412
127040204,9.102006561379412
127050037,9.102006561379412
127060076,9.102006561379412
127070193,9.102006561379412
127080067,9.102006561379412
127089960,9.102006561379412
127100197,9.102006561379412
127109931,9.102006561379412
127120082,9.102006561379412
127130217,9.102006561379412
127140099,9.102006561379412
127149957,9.102006561379412
127160196,9.102006561379412
127169937,9.102006561379412
127180074,9.102006561379412
127190220,9.102006561379412
127200065,9.102006561379412
127209962,9.102006561379412
127220203,9.102006561379412
127230057,9.102006561379412
127240178,9.102006561379412
127250206,9.102006561379412
127260087,9.102006561379412
127270075,9.102006561379412
127280213,9.102006561379412
127289959,9.102006561379412
127300060,9.102006561379412
127310204,9.102006561379412
127320097,9.102006561379412
127330078,9.102006561379412
127340198,9.102006561379412
127349973,9.102006561379412
127360067,9.102006561379412
127370216,9.102006561379412
127380124,9.102006561379412
127389943,9.102006561379412
127400185,9.102006561379412
127409961,9.102006561379412
127420053,9.102006561379412
127430169,9.102006561379412
127440104,9.102006561379412
127449967,9.102006561379412
127460187,9.102006561379412
127469954,9.102006561379412
127480061,9.102006561379412
127490230,9.102006561379412
127500088,9.102006561379412
127509943,9.102006561379412
127520193,9.102006561379412
127529958,9.102006561379412
127540089,9.102006561379412
127550199,9.102006561379412
127560107,9.102006561379412
127570000,9.102006561379412
127580189,9.102006561379412
127589951,9.102006561379412
127600070,9.102006561379412
127610209,9.102006561379412
127620084,9.102006561379412
127629970,9.102006561379412
127640206,9.102006561379412
127649945,9.102006561379412
127660077,9.102006561379412
127670189,9.102006561379412
127680109,9.102006561379412
127689961,9.102006561379412
127700180,9.102006561379412
127710191,9.102006561379412
127720073,9.102006561379412
127730222,9.102006561379412
127740116,9.102006561379412
127749967,9.102006561379412
127760191,9.102006561379412
127769937,9.102006561379412
127780076,9.102006561379412
127790214,9.102006561379412
127800078,9.102006561379412
127809958,9.102006561379412
127820199,9.102006561379412
127829941,9.102006561379412
127840098,9.102006561379412
127850208,9.102006561379412
127860097,9.102006561379412
127869955,9.102006561379412
127880206,9.102006561379412
127889953,9.102006561379412
127900075,9.102006561379412
127910210,9.102006561379412
127920069,9.102006561379412
127929967,9.102006561379412
127940197,9.102006561379412
127949940,9.102006561379412
127960067,9.102006561379412
127970201,9.102006561379412
127980096,9.102006561379412
127989954,9.102006561379412
128000204,9.102006561379412
128009932,9.102006561379412
128020071,9.102006561379412
128030193,9.102006561379412
128040095,9.102006561379412
128049967,9.102006561379412
128060196,9.102006561379412
128069966,9.102006561379412
128080068,9.102006561379412
128090217,9.102006561379412
128100085,9.102006561379412
128109962,9.102006561379412
128120204,9.102006561379412
128129965,9.102006561379412
128140067,9.102006561379412
128150208,9.102006561379412
128160102,9.102006561379412
128169960,9.102006561379412
128180196,9.102006561379412
128189962,9.102006561379412
128200055,9.102006561379412
128210210,9.102006561379412
128220121,9.102006561379412
128229951,9.102006561379412
128240204,9.102006561379412
128249954,9.102006561379412
128260066,9.102006561379412
128270179,9.102006561379412
128280090,9.102006561379412
128289972,9.102006561379412
128300190,9.102006561379412
128309954,9.102006561379412
128320077,9.102006561379412
128330324,9.102006561379412
128340103,9.102006561379412
128349997,9.102006561379412
128360202,9.102006561379412
128369970,9.102006561379412
128380088,9.102006561379412
128390197,9.102006561379412
128400092,9.102006561379412
128409973,9.102006561379412
128420186,9.102006561379412
128429949,9.102006561379412
128440093,9.102006561379412
128450186,9.102006561379412
128460088,9.102006561379412
128469982,9.102006561379412
128480180,9.102006561379412
128489962,9.102006561379412
128500091,9.102006561379412
128510175,9.102006561379412
128520110,9.102006561379412
128530084,9.102006561379412
128540209,9.102006561379412
128549952,9.102006561379412
128560086,9.102006561379412
128570237,9.102006561379412
128580104,9.102006561379412
128589990,9.102006561379412
128600198,9.102006561379412
128609951,9.102006561379412
128620198,9.102006561379412
128630242,9.102006561379412
128640075,9.102006561379412
128649993,9.102006561379412
128660214,9.102006561379412
128669945,9.102006561379412
128680072,9.102006561379412
128690205,9.102006561379412
128700084,9.102006561379412
128709963,9.102006561379412
128720202,9.102006561379412
128730070,9.102006561379412
128740079,9.102006561379412
128750197,9.102006561379412
128760087,9.102006561379412
128769957,9.102006561379412
128780207,9.102006561379412
128789981,9.102006561379412
128800067,9.102006561379412
128810210,9.102006561379412
128820134,9.102006561379412
128829962,9.102006561379412
128840216,9.102006561379412
128849969,9.102006561379412
128860078,9.102006561379412
128870207,9.102006561379412
128880125,9.102006561379412
128890008,9.102006561379412
128900193,9.102006561379412
128909964,9.102006561379412
128920070,9.102006561379412
128930214,9.102006561379412
128940129,9.102006561379412
128949949,9.102006561379412
128960200,9.102006561379412
128969962,9.102006561379412
128980065,9.102006561379412
128990198,9.102006561379412
129000097,9.102006561379412
129009952,9.102006561379412
129020228,9.102006561379412
129029976,9.102006561379412
129040094,9.102006561379412
129050182,9.102006561379412
129060099,9.102006561379412
129069977,9.102006561379412
129080192,9.102006561379412
129089956,9.102006561379412
129100096,9.102006561379412
129110181,9.102006561379412
129120097,9.102006561379412
129129965,9.102006561379412
129140183,9.102006561379412
129149943,9.102006561379412
129160089,9.102006561379412
129170187,9.102006561379412
129180098,9.102006561379412
129190003,9.102006561379412
129200183,9.102006561379412
129209950,9.102006561379412
129220087,9.102006561379412
129230201,9.102006561379412
129240116,9.102006561379412
129249984,9.102006561379412
129260210,9.102006561379412
129269951,9.102006561379412
129280088,9.102006561379412
129290221,9.102006561379412
129300301,9.102006561379412
129309983,9.102006561379412
129320209,9.102006561379412
129329950,9.102006561379412
129340084,9.102006561379412
129350202,9.102006561379412
129360088,9.102006561379412
129369978,9.102006561379412
129380213,9.102006561379412
129389954,9.102006561379412
129400079,9.102006561379412
129410234,9.102006561379412
129420108,9.102006561379412
129430067,9.102006561379412
129440219,9.102006561379412
129449950,9.102006561379412
129460078,9.102006561379412
129470213,9.102006561379412
129480106,9.102006561379412
129489995,9.102006561379412
129500198,9.102006561379412
129509951,9.102006561379412
129520076,9.102006561379412
129530208,9.102006561379412
129540115,9.102006561379412
129549991,9.102006561379412
129560192,9.102006561379412
129569969,9.102006561379412
129580074,9.102006561379412
129590218,9.102006561379412
129600107,9.102006561379412
129609969,9.102006561379412
129620201,9.102006561379412
129629973,9.102006561379412
129640091,9.102006561379412
129650207,9.102006561379412
129660118,9.102006561379412
129669959,9.102006561379412
129680209,9.102006561379412
129689977,9.102006561379412
129700077,9.102006561379412
129710230,9.102006561379412
129720126,9.102006561379412
129730092,9.102006561379412
129740199,9.102006561379412
129749969,9.102006561379412
129760064,9.102006561379412
129770191,9.102006561379412
129780129,9.102006561379412
129789983,9.102006561379412
129800191,9.102006561379412
129809966,9.102006561379412
129820093,9.102006561379412
129830191,9.102006561379412
129840122,9.102006561379412
129850094,9.102006561379412
129860197,9.102006561379412
129869970,9.102006561379412
129880100,9.102006561379412
129890202,9.102006561379412
129900100,9.102006561379412
129909984,9.102006561379412
129920202,9.102006561379412
129929964,9.102006561379412
129940098,9.102006561379412
129950185,9.102006561379412
129960098,9.102006561379412
129969990,9.102006561379412
129980207,9.102006561379412
129989972,9.102006561379412
130000092,9.102006561379412
130010191,9.102006561379412
130020122,9.102006561379412
130029994,9.102006561379412
130040217,9.102006561379412
130049960,9.102006561379412
130060086,9.102006561379412
130070212,9.102006561379412
130080092,9.102006561379412
130089975,9.102006561379412
130100211,9.102006561379412
130109962,9.102006561379412
130120085,9.102006561379412
130130217,9.102006561379412
130140113,9.102006561379412
130150016,9.102006561379412
130160239,9.102006561379412
130169967,9.102006561379412
130180092,9.102006561379412
130190216,9.102006561379412
130200083,9.102006561379412
130210000,9.102006561379412
130220249,9.102006561379412
130229945,9.102006561379412
130240227,9.102006561379412
130250216,9.102006561379412
130260089,9.102006561379412
130271211,9.102006561379412
130281291,9.102006561379412
130290282,9.102006561379412
130300222,9.102006561379412
130310219,9.102006561379412
130320158,9.102006561379412
130329997,9.102006561379412
130340242,9.102006561379412
130349984,9.102006561379412
130360087,9.102006561379412
130370220,9.102006561379412
130380128,9.102006561379412
130389997,9.102006561379412
130400207,9.102006561379412
130409976,9.102006561379412
130420092,9.102006561379412
130430240,9.102006561379412
130440129,9.102006561379412
130449967,9.102006561379412
130460218,9.102006561379412
130469980,9.102006561379412
130480070,9.102006561379412
130490203,9.102006561379412
130500120,9.102006561379412
130509960,9.102006561379412
130520194,9.102006561379412
130529968,9.102006561379412
130540212,9.102006561379412
130550208,9.102006561379412
130560131,9.102006561379412
130569991,9.102006561379412
130580203,9.102006561379412
130589964,9.102006561379412
130600096,9.102006561379412
130610198,9.102006561379412
130620129,9.102006561379412
130630092,9.102006561379412
130640214,9.102006561379412
130649965,9.102006561379412
130660100,9.102006561379412
130670213,9.102006561379412
130680104,9.102006561379412
130689991,9.102006561379412
130700200,9.102006561379412
130709979,9.102006561379412
130720108,9.102006561379412
130730197,9.102006561379412
130740123,9.102006561379412
130750016,9.102006561379412
130760200,9.102006561379412
130769958,9.102006561379412
130780095,9.102006561379412
130790243,9.102006561379412
130800093,9.102006561379412
130809980,9.102006561379412
130820226,9.102006561379412
130829967,9.102006561379412
130840098,9.102006561379412
130850230,9.102006561379412
130860124,9.102006561379412
130869983,9.102006561379412
130880228,9.102006561379412
130889958,9.102006561379412
130900093,9.102006561379412
130910232,9.102006561379412
130920089,9.102006561379412
130929979,9.102006561379412
130940230,9.102006561379412
130949938,9.102006561379412
130960095,9.102006561379412
130970226,9.102006561379412
130980121,9.102006561379412
130989984,9.102006561379412
131000215,9.102006561379412
131009951,9.102006561379412
131020090,9.102006561379412
131030270,9.102006561379412
131040145,9.102006561379412
131050000,9.102006561379412
131060226,9.102006561379412
131069998,9.102006561379412
131080087,9.102006561379412
131090216,9.102006561379412
131100124,9.102006561379412
131109977,9.102006561379412
131120209,9.102006561379412
131129976,9.102006561379412
131140084,9.102006561379412
131150209,9.102006561379412
131160145,9.102006561379412
131169974,9.102006561379412
131180203,9.102006561379412
131189982,9.102006561379412
131200079,9.102006561379412
131210223,9.102006561379412
131220114,9.102006561379412
131230066,9.102006561379412
131240216,9.102006561379412
131249975,9.102006561379412
131260228,9.102006561379412
131270218,9.102006561379412
131280129,9.102006561379412
131289989,9.102006561379412
131300200,9.102006561379412
131309969,9.102006561379412
131320103,9.102006561379412
131330215,9.102006561379412
131340126,9.102006561379412
131350020,9.102006561379412
131360199,9.102006561379412
131369974,9.102006561379412
131380107,9.102006561379412
131390222,9.102006561379412
131400112,9.102006561379412
131410015,9.102006561379412
131420212,9.102006561379412
131430241,9.102006561379412
131440106,9.102006561379412
131450211,9.102006561379412
131460126,9.102006561379412
131470018,9.102006561379412
131480203,9.102006561379412
131489980,9.102006561379412
131500104,9.102006561379412
131510211,9.102006561379412
131520128,9.102006561379412
131530011,9.102006561379412
131540238,9.102006561379412
131549971,9.102006561379412
131560102,9.102006561379412
131570236,9.102006561379412
131580124,9.102006561379412
131590011,9.102006561379412
131600225,9.102006561379412
131609966,9.102006561379412
131620099,9.102006561379412
131630247,9.102006561379412
131640110,9.102006561379412
131649982,9.102006561379412
131660227,9.102006561379412
131669964,9.102006561379412
131680091,9.102006561379412
131690221,9.102006561379412
131700104,9.102006561379412
131709986,9.102006561379412
131720238,9.102006561379412
131729953,9.102006561379412
131740111,9.102006561379412
131750210,9.102006561379412
131760107,9.102006561379412
131769985,9.102006561379412
131780242,9.102006561379412
131789999,9.102006561379412
131800090,9.102006561379412
131810220,9.102006561379412
131820156,9.102006561379412
131830114,9.102006561379412
131840222,9.102006561379412
131849984,9.102006561379412
131860091,9.102006561379412
131870213,9.102006561379412
131880116,9.102006561379412
131890009,9.102006561379412
131900231,9.102006561379412
131909988,9.102006561379412
131920094,9.102006561379412
131930224,9.102006561379412
131940149,9.102006561379412
131949974,9.102006561379412
131960224,9.102006561379412
131969990,9.102006561379412
131980092,9.102006561379412
131990218,9.102006561379412
132000120,9.102006561379412
132009975,9.102006561379412
132020220,9.102006561379412
132029977,9.102006561379412
132040122,9.102006561379412
132050225,9.102006561379412
132060144,9.102006561379412
132070055,9.102006561379412
132080216,9.102006561379412
132089972,9.102006561379412
132100106,9.102006561379412
132110211,9.102006561379412
132120118,9.102006561379412
132129996,9.102006561379412
132140217,9.102006561379412
132149980,9.102006561379412
132160115,9.102006561379412
132170209,9.102006561379412
132180141,9.102006561379412
132190028,9.102006561379412
132200197,9.102006561379412
132209974,9.102006561379412
132220105,9.102006561379412
132230214,9.102006561379412
132240113,9.102006561379412
132250108,9.102006561379412
132260203,9.102006561379412
132269980,9.102006561379412
132280105,9.102006561379412
132290262,9.102006561379412
132300109,9.102006561379412
132310005,9.102006561379412
132320238,9.102006561379412
132329967,9.102006561379412
132340107,9.102006561379412
132350239,9.102006561379412
132360259,9.102006561379412
132370019,9.102006561379412
132380239,9.102006561379412
132389968,9.102006561379412
132400098,9.102006561379412
132410227,9.102006561379412
132420130,9.102006561379412
132430008,9.102006561379412
132440235,9.102006561379412
132449969,9.102006561379412
132460099,9.102006561379412
132470216,9.102006561379412
132480188,9.102006561379412
132489983,9.102006561379412
132500226,9.102006561379412
132509959,9.102006561379412
132520214,9.102006561379412
132530225,9.102006561379412
132540152,9.102006561379412
132549986,9.102006561379412
132560227,9.102006561379412
132569995,9.102006561379412
132580104,9.102006561379412
132590227,9.102006561379412
132600132,9.102006561379412
132609982,9.102006561379412
132620235,9.102006561379412
132629992,9.102006561379412
132640115,9.102006561379412
132650247,9.102006561379412
132660153,9.102006561379412
132669975,9.102006561379412
132680217,9.102006561379412
132689991,9.102006561379412
132700090,9.102006561379412
132710225,9.102006561379412
132720184,9.102006561379412
132730078,9.102006561379412
132740222,9.102006561379412
132750000,9.102006561379412
132760087,9.102006561379412
132770230,9.102006561379412
132780118,9.102006561379412
132790040,9.102006561379412
132800258,9.102006561379412
132809984,9.102006561379412
132820112,9.102006561379412
132830294,9.102006561379412
132840145,9.102006561379412
132850032,9.102006561379412
132860230,9.102006561379412
132869988,9.102006561379412
132880240,9.102006561379412
132890281,9.102006561379412
132900125,9.102006561379412
132909997,9.102006561379412
132920222,9.102006561379412
132929989,9.102006561379412
132940215,9.102006561379412
132950217,9.102006561379412
132960124,9.102006561379412
132970001,9.102006561379412
132980213,9.102006561379412
132989979,9.102006561379412
133000228,9.102006561379412
133010219,9.102006561379412
133020137,9.102006561379412
133029993,9.102006561379412
133040243,9.102006561379412
133049978,9.102006561379412
133060104,9.102006561379412
133070238,9.102006561379412
133080135,9.102006561379412
133090018,9.102006561379412
133100238,9.102006561379412
133109969,9.102006561379412
133120104,9.102006561379412
133130264,9.102006561379412
133140128,9.102006561379412
133150013,9.102006561379412
133160229,9.102006561379412
133169980,9.102006561379412
133180104,9.102006561379412
133190244,9.102006561379412
133200114,9.102006561379412
133209993,9.102006561379412
133220234,9.102006561379412
133230103,9.102006561379412
133240107,9.102006561379412
133250247,9.102006561379412
133260123,9.102006561379412
133269984,9.102006561379412
133280273,9.102006561379412
133290001,9.102006561379412
133300097,9.102006561379412
133310253,9.102006561379412
133320162,9.102006561379412
133330189,9.102006561379412
133340242,9.102006561379412
133350001,9.102006561379412
133360096,9.102006561379412
133370231,9.102006561379412
133380158,9.102006561379412
133389982,9.102006561379412
133400227,9.102006561379412
133409992,9.102006561379412
133420104,9.102006561379412
133430232,9.102006561379412
133440158,9.102006561379412
133449995,9.102006561379412
133460245,9.102006561379412
133469994,9.102006561379412
133480095,9.102006561379412
133490233,9.102006561379412
133500118,9.102006561379412
133509986,9.102006561379412
133520222,9.102006561379412
133530003,9.102006561379412
133540122,9.102006561379412
133550218,9.102006561379412
133560123,9.102006561379412
133570036,9.102006561379412
133580226,9.102006561379412
133589984,9.102006561379412
133600114,9.102006561379412
133610221,9.102006561379412
133620144,9.102006561379412
133630006,9.102006561379412
133640235,9.102006561379412
133649991,9.102006561379412
133660115,9.102006561379412
133670209,9.102006561379412
133680150,9.102006561379412
133690032,9.102006561379412
133700241,9.102006561379412
133709989,9.102006561379412
133720116,9.102006561379412
133730102,9.102006561379412
133740150,9.102006561379412
133750031,9.102006561379412
133760209,9.102006561379412
133769979,9.102006561379412
133780117,9.102006561379412
133790238,9.102006561379412
133800139,9.102006561379412
133810033,9.102006561379412
133820252,9.102006561379412
133829991,9.102006561379412
133840116,9.102006561379412
133850246,9.102006561379412
133860117,9.102006561379412
133869999,9.102006561379412
133880244,9.102006561379412
133889976,9.102006561379412
133900120,9.102006561379412
133910241,9.102006561379412
133920141,9.102006561379412
133930028,9.102006561379412
133940240,9.102006561379412
133949983,9.102006561379412
133960113,9.102006561379412
133970241,9.102006561379412
133980128,9.102006561379412
133989999,9.102006561379412
134000230,9.102006561379412
134009983,9.102006561379412
134020103,9.102006561379412
134030237,9.102006561379412
134040163,9.102006561379412
134049990,9.102006561379412
134060273,9.102006561379412
134070010,9.102006561379412
134080117,9.102006561379412
134090236,9.102006561379412
134100147,9.102006561379412
134109996,9.102006561379412
134120235,9.102006561379412
134129997,9.102006561379412
134140105,9.102006561379412
134150247,9.102006561379412
134160165,9.102006561379412
134169999,9.102006561379412
134180228,9.102006561379412
134190004,9.102006561379412
134200098,9.102006561379412
134210238,9.102006561379412
134220123,9.102006561379412
134229979,9.102006561379412
134240237,9.102006561379412
134250004,9.102006561379412
134260114,9.102006561379412
134270230,9.102006561379412
134280136,9.102006561379412
134290150,9.102006561379412
134300220,9.102006561379412
134309991,9.102006561379412
134320245,9.102006561379412
134330278,9.102006561379412
134340127,9.102006561379412
134350047,9.102006561379412
134360226,9.102006561379412
134370003,9.102006561379412
134380128,9.102006561379412
134390219,9.102006561379412
134400135,9.102006561379412
134410040,9.102006561379412
134420237,9.102006561379412
134429988,9.102006561379412
134440124,9.102006561379412
134450215,9.102006561379412
134460124,9.102006561379412
134470011,9.102006561379412
134480214,9.102006561379412
134489984,9.102006561379412
134500132,9.102006561379412
134510215,9.102006561379412
134520144,9.102006561379412
134530020,9.102006561379412
134540260,9.102006561379412
134549993,9.102006561379412
134560256,9.102006561379412
134570305,9.102006561379412
134580118,9.102006561379412
134590013,9.102006561379412
134600239,9.102006561379412
134609989,9.102006561379412
134620226,9.102006561379412
134630242,9.102006561379412
134640120,9.102006561379412
134650106,9.102006561379412
134660238,9.102006561379412
134669983,9.102006561379412
134680113,9.102006561379412
134690242,9.102006561379412
134700133,9.102006561379412
134710001,9.102006561379412
134720242,9.102006561379412
134729981,9.102006561379412
134740111,9.102006561379412
134750254,9.102006561379412
134761492,9.102006561379412
134770107,9.102006561379412
134780267,9.102006561379412
134794049,9.102006561379412
134800138,9.102006561379412
134810243,9.102006561379412
134820174,9.102006561379412
134830029,9.102006561379412
134840257,9.102006561379412
134850019,9.102006561379412
134860107,9.102006561379412
134870246,9.102006561379412
134880174,9.102006561379412
134889999,9.102006561379412
134900240,9.102006561379412
134910013,9.102006561379412
134920105,9.102006561379412
134930263,9.102006561379412
134940167,9.102006561379412
134950025,9.102006561379412
134960240,9.102006561379412
134970144,9.102006561379412
134980226,9.102006561379412
134990243,9.102006561379412
135000145,9.102006561379412
135009998,9.102006561379412
135020235,9.102006561379412
135029999,9.102006561379412
135040136,9.102006561379412
135050229,9.102006561379412
135060157,9.102006561379412
135070051,9.102006561379412
135080248,9.102006561379412
135089996,9.102006561379412
135100286,9.102006561379412
135110248,9.102006561379412
135120156,9.102006561379412
135130114,9.102006561379412
135140232,9.102006561379412
135150001,9.102006561379412
135160129,9.102006561379412
135170231,9.102006561379412
135180152,9.102006561379412
135190045,9.102006561379412
135200218,9.102006561379412
135210000,9.102006561379412
135220130,9.102006561379412
135230218,9.102006561379412
135240133,9.102006561379412
135250125,9.102006561379412
135260229,9.102006561379412
135269997,9.102006561379412
135280127,9.102006561379412
135290257,9.102006561379412
135300133,9.102006561379412
135310043,9.102006561379412
135320286,9.102006561379412
135329990,9.102006561379412
135340143,9.102006561379412
135350264,9.102006561379412
135360148,9.102006561379412
135370126,9.102006561379412
135380256,9.102006561379412
135389998,9.102006561379412
135400121,9.102006561379412
135410254,9.102006561379412
135420148,9.102006561379412
135430020,9.102006561379412
135440244,9.102006561379412
135449991,9.102006561379412
135460117,9.102006561379412
135470254,9.102006561379412
135480168,9.102006561379412
135490008,9.102006561379412
135500246,9.102006561379412
135509988,9.102006561379412
135520120,9.102006561379412
135530260,9.102006561379412
135540158,9.102006561379412
135550005,9.102006561379412
135560259,9.102006561379412
135570022,9.102006561379412
135580118,9.102006561379412
135590252,9.102006561379412
135600148,9.102006561379412
135610012,9.102006561379412
135620252,9.102006561379412
135630013,9.102006561379412
135640113,9.102006561379412
135650245,9.102006561379412
135660176,9.102006561379412
135670027,9.102006561379412
135680245,9.102006561379412
135690004,9.102006561379412
135700111,9.102006561379412
135710232,9.102006561379412
135720138,9.102006561379412
135730000,9.102006561379412
135740254,9.102006561379412
135750003,9.102006561379412
135760104,9.102006561379412
135770235,9.102006561379412
135780173,9.102006561379412
135790021,9.102006561379412
135800235,9.102006561379412
135810018,9.102006561379412
135820138,9.102006561379412
135830235,9.102006561379412
135840170,9.102006561379412
135850031,9.102006561379412
135860243,9.102006561379412
135870016,9.102006561379412
135880145,9.102006561379412
135890233,9.102006561379412
135900140,9.102006561379412
135910023,9.102006561379412
135920247,9.102006561379412
135930001,9.102006561379412
135940139,9.102006561379412
135950250,9.102006561379412
135960166,9.102006561379412
135970029,9.102006561379412
135980243,9.102006561379412
135990005,9.102006561379412
136000265,9.102006561379412
136010231,9.102006561379412
136020158,9.102006561379412
136030166,9.102006561379412
136040269,9.102006561379412
136049995,9.102006561379412
136060131,9.102006561379412
136070269,9.102006561379412
136080165,9.102006561379412
136090023,9.102006561379412
136100259,9.102006561379412
136109991,9.102006561379412
136120125,9.102006561379412
136130272,9.102006561379412
136140147,9.102006561379412
136150047,9.102006561379412
136160264,9.102006561379412
136169993,9.102006561379412
136180126,9.102006561379412
136190258,9.102006561379412
136200142,9.102006561379412
136210012,9.102006561379412
136220257,9.102006561379412
136229985,9.102006561379412
136240127,9.102006561379412
136250263,9.102006561379412
136260143,9.102006561379412
136270015,9.102006561379412
136280273,9.102006561379412
136290022,9.102006561379412
136300115,9.102006561379412
136310264,9.102006561379412
136320154,9.102006561379412
136330038,9.102006561379412
136340262,9.102006561379412
136350021,9.102006561379412
136360117,9.102006561379412
136370270,9.102006561379412
136380159,9.102006561379412
136390034,9.102006561379412
136400248,9.102006561379412
136410018,9.102006561379412
136420120,9.102006561379412
136430254,9.102006561379412
136440180,9.102006561379412
136450012,9.102006561379412
136460247,9.102006561379412
136470028,9.102006561379412
136480118,9.102006561379412
136490246,9.102006561379412
136500147,9.102006561379412
136510017,9.102006561379412
136520234,9.102006561379412
136530014,9.102006561379412
136540146,9.102006561379412
136550249,9.102006561379412
136560166,9.102006561379412
136570034,9.102006561379412
136580252,9.102006561379412
136590008,9.102006561379412
136600171,9.102006561379412
136610237,9.102006561379412
136620158,9.102006561379412
136630059,9.102006561379412
136640244,9.102006561379412
136650005,9.102006561379412
136660147,9.102006561379412
136670269,9.102006561379412
136680141,9.102006561379412
136690020,9.102006561379412
136700242,9.102006561379412
136710014,9.102006561379412
136720134,9.102006561379412
136730268,9.102006561379412
136740168,9.102006561379412
136750051,9.102006561379412
136760233,9.102006561379412
136770011,9.102006561379412
136780129,9.102006561379412
136790279,9.102006561379412
136800154,9.102006561379412
136810028,9.102006561379412
136820269,9.102006561379412
136830112,9.102006561379412
136840129,9.102006561379412
136850264,9.102006561379412
136860155,9.102006561379412
136870017,9.102006561379412
136880266,9.102006561379412
136889993,9.102006561379412
136900137,9.102006561379412
136910260,9.102006561379412
136920146,9.102006561379412
136930018,9.102006561379412
136940259,9.102006561379412
136950011,9.102006561379412
136960129,9.102006561379412
136970293,9.102006561379412
136980119,9.102006561379412
136990020,9.102006561379412
137000284,9.102006561379412
137010009,9.102006561379412
137020132,9.102006561379412
137030261,9.102006561379412
137040183,9.102006561379412
137050041,9.102006561379412
137060264,9.102006561379412
137070023,9.102006561379412
137080136,9.102006561379412
137090252,9.102006561379412
137100172,9.102006561379412
137110012,9.102006561379412
137120268,9.102006561379412
137130018,9.102006561379412
137140121,9.102006561379412
137150286,9.102006561379412
137160171,9.102006561379412
137170032,9.102006561379412
137180244,9.102006561379412
137190022,9.102006561379412
137200119,9.102006561379412
137210244,9.102006561379412
137220159,9.102006561379412
137230030,9.102006561379412
137240242,9.102006561379412
137250030,9.102006561379412
137260126,9.102006561379412
137270259,9.102006561379412
137280177,9.102006561379412
137290066,9.102006561379412
137300243,9.102006561379412
137310014,9.102006561379412
137320147,9.102006561379412
137330262,9.102006561379412
137340149,9.102006561379412
137350061,9.102006561379412
137360245,9.102006561379412
137370018,9.102006561379412
137380151,9.102006561379412
137390238,9.102006561379412
137400158,9.102006561379412
137410030,9.102006561379412
137420249,9.102006561379412
137430014,9.102006561379412
137440148,9.102006561379412
137450239,9.102006561379412
137460178,9.102006561379412
137470059,9.102006561379412
137480234,9.102006561379412
137490169,9.102006561379412
137500137,9.102006561379412
137510244,9.102006561379412
137520169,9.102006561379412
137530053,9.102006561379412
137540277,9.102006561379412
137550007,9.102006561379412
137560141,9.102006561379412
137570268,9.102006561379412
137580165,9.102006561379412
137590050,9.102006561379412
137600273,9.102006561379412
137610010,9.102006561379412
137620148,9.102006561379412
137630280,9.102006561379412
137640147,9.102006561379412
137650023,9.102006561379412
137660276,9.102006561379412
137670019,9.102006561379412
137680150,9.102006561379412
137690272,9.102006561379412
137700139,9.102006561379412
137710019,9.102006561379412
137720266,9.102006561379412
137730131,9.102006561379412
137740140,9.102006561379412
137750259,9.102006561379412
137760168,9.102006561379412
137770035,9.102006561379412
137780259,9.102006561379412
137790042,9.102006561379412
137800129,9.102006561379412
137810272,9.102006561379412
137820194,9.102006561379412
137830192,9.102006561379412
137840267,9.102006561379412
137850022,9.102006561379412
137860136,9.102006561379412
137870266,9.102006561379412
137880163,9.102006561379412
137890028,9.102006561379412
137900272,9.102006561379412
137910019,9.102006561379412
137920268,9.102006561379412
137940160,9.102006561379412
137930477,9.102006561379412
137950025,9.102006561379412
137960242,9.102006561379412
137970028,9.102006561379412
137980127,9.102006561379412
137990256,9.102006561379412
138000159,9.102006561379412
138010016,9.102006561379412
138020247,9.102006561379412
138030035,9.102006561379412
138040158,9.102006561379412
138050252,9.102006561379412
138060142,9.102006561379412
138070038,9.102006561379412
138080247,9.102006561379412
138090024,9.102006561379412
138100272,9.102006561379412
138110254,9.102006561379412
138120182,9.102006561379412
138130041,9.102006561379412
138140267,9.102006561379412
138150017,9.102006561379412
138160145,9.102006561379412
138170263,9.102006561379412
138180151,9.102006561379412
138190066,9.102006561379412
138200259,9.102006561379412
138210018,9.102006561379412
138220276,9.102006561379412
138230278,9.102006561379412
138240181,9.102006561379412
138250038,9.102006561379412
138260246,9.102006561379412
138270013,9.102006561379412
138280152,9.102006561379412
138290274,9.102006561379412
138300148,9.102006561379412
138310048,9.102006561379412
138320293,9.102006561379412
138330007,9.102006561379412
138340142,9.102006561379412
138350281,9.102006561379412
138360171,9.102006561379412
138370052,9.102006561379412
138380274,9.102006561379412
138390002,9.102006561379412
138400263,9.102006561379412
138410271,9.102006561379412
138420163,9.102006561379412
138430029,9.102006561379412
138440275,9.102006561379412
138450007,9.102006561379412
138460139,9.102006561379412
138470279,9.102006561379412
138480139,9.102006561379412
138490030,9.102006561379412
138500267,9.102006561379412
138510013,9.102006561379412
138520136,9.102006561379412
138530261,9.102006561379412
138540192,9.102006561379412
138550053,9.102006561379412
138560276,9.102006561379412
138570031,9.102006561379412
138580124,9.102006561379412
138590266,9.102006561379412
138600173,9.102006561379412
138610010,9.102006561379412
138620265,9.102006561379412
138630043,9.102006561379412
138640131,9.102006561379412
138650256,9.102006561379412
138660169,9.102006561379412
138670036,9.102006561379412
138680265,9.102006561379412
138690032,9.102006561379412
138700134,9.102006561379412
138710258,9.102006561379412
138720168,9.102006561379412
138730059,9.102006561379412
138740267,9.102006561379412
138750024,9.102006561379412
138760132,9.102006561379412
138770262,9.102006561379412
138780158,9.102006561379412
138790047,9.102006561379412
138800259,9.102006561379412
138810030,9.102006561379412
138820156,9.102006561379412
138830335,9.102006561379412
138840271,9.102006561379412
138850076,9.102006561379412
138860265,9.102006561379412
138870026,9.102006561379412
138880174,9.102006561379412
138890303,9.102006561379412
138900157,9.102006561379412
138910148,9.102006561379412
138920269,9.102006561379412
138930029,9.102006561379412
138940157,9.102006561379412
138950270,9.102006561379412
138960184,9.102006561379412
138970036,9.102006561379412
138980247,9.102006561379412
138990015,9.102006561379412
139000144,9.102006561379412
139010243,9.102006561379412
139020177,9.102006561379412
139030053,9.102006561379412
139040314,9.102006561379412
139050116,9.102006561379412
139060156,9.102006561379412
139070273,9.102006561379412
139080153,9.102006561379412
139090042,9.102006561379412
139100290,9.102006561379412
139110020,9.102006561379412
139120147,9.102006561379412
139130162,9.102006561379412
139140174,9.102006561379412
139150058,9.102006561379412
139160287,9.102006561379412
139170023,9.102006561379412
139180146,9.102006561379412
139190273,9.102006561379412
139200156,9.102006561379412
139210037,9.102006561379412
139220278,9.102006561379412
139230023,9.102006561379412
139240145,9.102006561379412
139250305,9.102006561379412
139260183,9.102006561379412
139270060,9.102006561379412
139280273,9.102006561379412
139290038,9.102006561379412
139300148,9.102006561379412
139310287,9.102006561379412
139320292,9.102006561379412
139330034,9.102006561379412
139340276,9.102006561379412
139350033,9.102006561379412
139360236,9.102006561379412
139370270,9.102006561379412
139380174,9.102006561379412
139390031,9.102006561379412
139400267,9.102006561379412
139410044,9.102006561379412
139420148,9.102006561379412
139430400,9.102006561379412
139440184,9.102006561379412
139450133,9.102006561379412
139460255,9.102006561379412
139470035,9.102006561379412
139480143,9.102006561379412
139490247,9.102006561379412
139500184,9.102006561379412
139510035,9.102006561379412
139520278,9.102006561379412
139530036,9.102006561379412
139540161,9.102006561379412
139550255,9.102006561379412
139560169,9.102006561379412
139570050,9.102006561379412
139580274,9.102006561379412
139590024,9.102006561379412
139600165,9.102006561379412
139610260,9.102006561379412
139620167,9.102006561379412
139630184,9.102006561379412
139640277,9.102006561379412
139650022,9.102006561379412
139660160,9.102006561379412
139670307,9.102006561379412
139680181,0.0015259021896696368
139690095,0.0015259021896696368
139700276,0.0015259021896696368
139710025,0.0015259021896696368
139720163,0.0015259021896696368
139730315,0.0015259021896696368
139740163,0.0015259021896696368
139750101,0.0015259021896696368
139760297,0.0015259021896696368
139770025,0.0015259021896696368
139780168,0.0015259021896696368
139790348,0.0015259021896696368
139800151,0.0015259021896696368
139810042,0.0015259021896696368
139820328,0.0015259021896696368
139830016,0.0015259021896696368
139840141,0.0015259021896696368
139850278,0.0015259021896696368
139860143,0.0015259021896696368
139870037,0.0015259021896696368
139880279,0.0015259021896696368
139890013,0.0015259021896696368
139900171,0.0015259021896696368
139910288,0.0015259021896696368
139920133,0.0015259021896696368
139930026,0.0015259021896696368
139940284,0.0015259021896696368
139950013,0.0015259021896696368
139960148,0.0015259021896696368
139970337,0.0015259021896696368
139980142,0.0015259021896696368
139990085,0.0015259021896696368
140000279,0.0015259021896696368
140010007,0.0015259021896696368
140020151,0.0015259021896696368
140030308,0.0015259021896696368
140040187,0.0015259021896696368
140050043,0.0015259021896696368
140060273,0.0015259021896696368
140070023,0.0015259021896696368
140080138,0.0015259021896696368
140090272,0.0015259021896696368
140100165,0.0015259021896696368
140110025,0.0015259021896696368
140120322,0.0015259021896696368
140130157,0.0015259021896696368
140140139,0.0015259021896696368
140150279,0.0015259021896696368
140160188,0.0015259021896696368
140170081,0.0015259021896696368
140180283,0.0015259021896696368
140190021,0.0015259021896696368
140200142,0.0015259021896696368
140210301,0.0015259021896696368
140220166,0.0015259021896696368
140230043,0.0015259021896696368
140240266,0.0015259021896696368
140250032,0.0015259021896696368
140260161,0.0015259021896696368
140270321,0.0015259021896696368
140280152,0.0015259021896696368
140290053,0.0015259021896696368
140300269,0.0015259021896696368
140310023,0.0015259021896696368
140320193,0.0015259021896696368
140330317,0.0015259021896696368
140340163,0.0015259021896696368
140350080,0.0015259021896696368
140360274,0.0015259021896696368
140370019,0.0015259021896696368
140380164,0.0015259021896696368
140390260,0.0015259021896696368
140400173,0.0015259021896696368
140410049,0.0015259021896696368
140420264,0.0015259021896696368
140430010,0.0015259021896696368
140440161,0.0015259021896696368
140450270,0.0015259021896696368
140460158,0.0015259021896696368
140470099,0.0015259021896696368
140480304,0.0015259021896696368
140490018,0.0015259021896696368
140500177,0.0015259021896696368
140510259,0.0015259021896696368
140520168,0.0015259021896696368
140530105,0.0015259021896696368
140540336,0.0015259021896696368
140550036,0.0015259021896696368
140560157,0.0015259021896696368
140570333,0.0015259021896696368
140580175,0.0015259021896696368
140590040,0.0015259021896696368
140600287,0.0015259021896696368
140610008,0.0015259021896696368
140620172,0.0015259021896696368
140630306,0.0015259021896696368
140640155,0.0015259021896696368
140650106,0.0015259021896696368
140660283,0.0015259021896696368
140670015,0.0015259021896696368
140680155,0.0015259021896696368
140690288,0.0015259021896696368
140700150,0.0015259021896696368
140710097,0.0015259021896696368
140720282,0.0015259021896696368
140730004,0.0015259021896696368
140740149,0.0015259021896696368
140750321,0.0015259021896696368
140760143,0.0015259021896696368
140770072,0.0015259021896696368
140780283,0.0015259021896696368
140790038,0.0015259021896696368
140800142,0.0015259021896696368
140810317,0.0015259021896696368
140820171,0.0015259021896696368
140830070,0.0015259021896696368
140840282,0.0015259021896696368
140850033,0.0015259021896696368
140860187,0.0015259021896696368
140870286,0.0015259021896696368
140880162,0.0015259021896696368
140890073,0.0015259021896696368
140900273,0.0015259021896696368
140910024,0.0015259021896696368
140920309,0.0015259021896696368
140930279,0.0015259021896696368
140940201,0.0015259021896696368
140950026,0.0015259021896696368
140960333,0.0015259021896696368
140970037,0.0015259021896696368
140980141,0.0015259021896696368
140990310,0.0015259021896696368
141000168,0.0015259021896696368
141010021,0.0015259021896696368
141020310,0.0015259021896696368
141030025,0.0015259021896696368
141040182,0.0015259021896696368
141050268,0.0015259021896696368
141060190,0.0015259021896696368
141070054,0.0015259021896696368
141080328,0.0015259021896696368
141090031,0.0015259021896696368
141100167,0.0015259021896696368
141110296,0.0015259021896696368
141120189,0.0015259021896696368
141130047,0.0015259021896696368
141140275,0.0015259021896696368
141150019,0.0015259021896696368
141160164,0.0015259021896696368
141170277,0.0015259021896696368
141180154,0.0015259021896696368
141190107,0.0015259021896696368
141200256,0.0015259021896696368
141210019,0.0015259021896696368
141220170,0.0015259021896696368
141230260,0.0015259021896696368
141240159,0.0015259021896696368
141250056,0.0015259021896696368
141260264,0.0015259021896696368
141270030,0.0015259021896696368
141280167,0.0015259021896696368
141290302,0.0015259021896696368
141300155,0.0015259021896696368
141310081,0.0015259021896696368
141320315,0.0015259021896696368
141330044,0.0015259021896696368
141340154,0.0015259021896696368
141350293,0.0015259021896696368
141360151,0.0015259021896696368
141370043,0.0015259021896696368
141380342,0.0015259021896696368
141390032,0.0015259021896696368
141400163,0.0015259021896696368
141410342,0.0015259021896696368
141420150,0.0015259021896696368
141430326,0.0015259021896696368
141440289,0.0015259021896696368
141450020,0.0015259021896696368
141460152,0.0015259021896696368
141470302,0.0015259021896696368
141480166,0.0015259021896696368
141490150,0.0015259021896696368
141500317,0.0015259021896696368
141510014,0.0015259021896696368
141520292,0.0015259021896696368
141530289,0.0015259021896696368
141540187,0.0015259021896696368
141550088,0.0015259021896696368
141560332,0.0015259021896696368
141570034,0.0015259021896696368
141580142,0.0015259021896696368
141590284,0.0015259021896696368
141600182,0.0015259021896696368
141610088,0.0015259021896696368
141620332,0.0015259021896696368
141630042,0.0015259021896696368
141640275,0.0015259021896696368
141650296,0.0015259021896696368
141660188,0.0015259021896696368
141670147,0.0015259021896696368
141680332,0.0015259021896696368
141690040,0.0015259021896696368
141700142,0.0015259021896696368
141710290,0.0015259021896696368
141720199,0.0015259021896696368
141730149,0.0015259021896696368
141740304,0.0015259021896696368
141750044,0.0015259021896696368
141760284,0.0015259021896696368
141770337,0.0015259021896696368
141780180,0.0015259021896696368
141790065,0.0015259021896696368
141800285,0.0015259021896696368
141810034,0.0015259021896696368
141820173,0.0015259021896696368
141830294,0.0015259021896696368
141840189,0.0015259021896696368
141850100,0.0015259021896696368
141860318,0.0015259021896696368
141870027,0.0015259021896696368
141880178,0.0015259021896696368
141890276,0.0015259021896696368
141900174,0.0015259021896696368
141910064,0.0015259021896696368
141920334,0.0015259021896696368
141930030,0.0015259021896696368
141940174,0.0015259021896696368
141950275,0.0015259021896696368
141960165,0.0015259021896696368
141970073,0.0015259021896696368
141980289,0.0015259021896696368
141990033,0.0015259021896696368
142000169,0.0015259021896696368
142010271,0.0015259021896696368
142020196,0.0015259021896696368
142030107,0.0015259021896696368
142040307,0.0015259021896696368
142050052,0.0015259021896696368
142060160,0.0015259021896696368
142070363,0.0015259021896696368
142080163,0.0015259021896696368
142090090,0.0015259021896696368
142100312,0.0015259021896696368
142110025,0.0015259021896696368
142120163,0.0015259021896696368
142130436,0.0015259021896696368
142140175,0.0015259021896696368
142150046,0.0015259021896696368
142160300,0.0015259021896696368
142170027,0.0015259021896696368
142180195,0.0015259021896696368
142190302,0.0015259021896696368
142200158,0.0015259021896696368
142210084,0.0015259021896696368
142220345,0.0015259021896696368
142230173,0.0015259021896696368
142240176,0.0015259021896696368
142250351,0.0015259021896696368
142260192,0.0015259021896696368
142270046,0.0015259021896696368
142280336,0.0015259021896696368
142290059,0.0015259021896696368
142300156,0.0015259021896696368
142310293,0.0015259021896696368
142320174,0.0015259021896696368
142330036,0.0015259021896696368
142340352,0.0015259021896696368
142350050,0.0015259021896696368
142360175,0.0015259021896696368
142370343,0.0015259021896696368
142380228,0.0015259021896696368
142390098,0.0015259021896696368
142400285,0.0015259021896696368
142410048,0.0015259021896696368
142420162,0.0015259021896696368
142430283,0.0015259021896696368
142440207,0.0015259021896696368
142450102,0.0015259021896696368
142460282,0.0015259021896696368
142470036,0.0015259021896696368
142480152,0.0015259021896696368
142490328,0.0015259021896696368
142500184,0.0015259021896696368
142510045,0.0015259021896696368
142520286,0.0015259021896696368
142530045,0.0015259021896696368
142540185,0.0015259021896696368
142550291,0.0015259021896696368
142560177,0.0015259021896696368
142570074,0.0015259021896696368
142580277,0.0015259021896696368
142590045,0.0015259021896696368
142600183,0.0015259021896696368
142610275,0.0015259021896696368
142620199,0.0015259021896696368
142630068,0.0015259021896696368
142640324,0.0015259021896696368
142650163,0.0015259021896696368
142660179,0.0015259021896696368
142670286,0.0015259021896696368
142680188,0.0015259021896696368
142690065,0.0015259021896696368
142700271,0.0015259021896696368
142710030,0.0015259021896696368
142720301,0.0015259021896696368
142730355,0.0015259021896696368
142740210,0.0015259021896696368
142750117,0.0015259021896696368
142760276,0.0015259021896696368
142770032,0.0015259021896696368
142780184,0.0015259021896696368
142790357,0.0015259021896696368
142800165,0.0015259021896696368
142810057,0.0015259021896696368
142820309,0.0015259021896696368
142830018,0.0015259021896696368
142840178,0.0015259021896696368
142850311,0.0015259021896696368
142860189,0.0015259021896696368
142870062,0.0015259021896696368
142880308,0.0015259021896696368
142890026,0.0015259021896696368
142900188,0.0015259021896696368
142910332,0.0015259021896696368
142920187,0.0015259021896696368
142930117,0.0015259021896696368
142940345,0.0015259021896696368
142950025,0.0015259021896696368
142960169,0.0015259021896696368
142970331,0.0015259021896696368
142980160,0.0015259021896696368
142990118,0.0015259021896696368
143000305,0.0015259021896696368
143010016,0.0015259021896696368
143020160,0.0015259021896696368
143030309,0.0015259021896696368
143040223,0.0015259021896696368
143050053,0.0015259021896696368
143060355,0.0015259021896696368
143070047,0.0015259021896696368
143080167,0.0015259021896696368
143090301,11.076523994811936
143100226,6.855878538185706
143110047,2.055390249485015
143120289,1.8204013122758766
143130049,2.95872434576944
143140171,-0.7705806057831666
143150322,7.335011825741972
143160210,-1.7990386816205017
143170055,0.6912336919203454
143180285,0.79804684519722
143190040,3.8162813763637757
143200162,4.002441443503471
143210285,-0.36774242771038246
143220214,1.7746242465857875
143230099,3.584344243533991
143240287,4.109254596780346
143250046,-0.9964141298542728
143260159,0.7339589532310953
143270294,1.3199053940642358
143280200,2.5558861676966558
143290077,1.8509193560692694
143300286,1.2039368276493434
143310054,2.5955596246280663
143320196,3.7033646143282226
143330385,-0.306706340123597
143340175,-0.9781033035782372
143350069,2.9221026932173686
143360288,4.087891966124971
143370056,3.105210955977725
143380192,2.7176317998016373
143390282,2.07675288014039
143400172,1.6281376363775024
143410071,3.4561684596017415
143420282,2.0492866407263364
143430046,0.15106431677729404
143440210,3.9230945296406503
143450311,3.3646143282215633
143460175,4.167238879987792
143470077,2.604715037766084
143480316,2.656595712214852
143490053,2.2018768596933
143500171,1.3534752422369678
143510273,1.17647058823529
143520218,1.68001831082627
143530056,3.315785458152135
143540306,3.520256351567866
143550056,2.638284885938816
143560179,1.9272144655527512
143570299,2.9007400625619937
143580206,1.6556038757915559
143590090,1.5060654612039315
143600307,1.7166399633783413
143610048,2.391088731212335
143620167,4.432745860990309
143630310,3.227283131151296
143640189,3.416495002670331
143650055,2.3270008392462103
143660310,2.848859388113226
143670039,1.9821469443808581
143680192,2.659647516594191
143690319,2.6779583428702267
143700161,2.858014801251244
143710064,1.445029373617146
143720310,2.5406271457999594
143730135,2.6840619516289053
143740170,3.7918669413290615
143750303,4.798962386511022
143760159,2.937361715114065
143770058,2.1713588158999073
143780305,2.568093385214013
143790085,1.9790951400015189
143800178,3.062485694666975
143810330,3.910887312123293
143820196,4.3717097734035235
143830158,3.7582970931563295
143840321,3.1357289997711177
143850079,2.9739833676661362
143860173,3.450064850843063
143870338,3.340199893186849
143880181,3.8040741588464186
143890048,3.9444571602960252
143900301,3.3981841763942953
143910043,3.3096818493934563
143920160,4.185549706263828
143930350,2.70542458228428
143940198,3.8254367895017936
143950051,3.865110246433204
143960264,3.5934996566720088
143970070,3.114366369115743
143980178,3.385976958876938
143990289,3.6820019836728477
144000187,4.106202792401007
144010063,4.2710002288853275
144020283,3.1113145647364036
144030065,3.5355153734645626
144040228,3.706416418707562
144050291,3.3890287632562774
144060204,3.2028686961165818
144070088,4.112306401159685
144080275,4.206912336919203
144090063,3.898680094605936
144100206,4.267948424505988
144110280,4.069581139848935
144120172,4.060425726710918
144130113,4.1489280537117565
144140274,4.423590447852291
144150050,4.267948424505988
144160196,4.747081712062254
144170285,4.908827344167236
144180195,5.104142824444949
144190078,4.542610818646523
144200284,4.771496147096968
144210068,4.036011291676203
144220189,4.46936751354238
144230316,4.499885557335773
144240193,3.761348897535669
144250069,4.457160296025023
144260275,5.43678950179293
144270030,4.063477531090257
144280192,4.832532234683754
144290302,4.8508430609597895
144300185,4.698252841992826
144310055,4.536507209887844
144320301,4.502937361715112
144330045,4.1031509880216674
144340284,5.381857022964823
144350305,5.430685893034251
144360204,5.5649652857251795
144370063,5.549706263828483
144380295,5.073624780651556
144390048,3.9932860303654536
144400203,4.539559014267184
144410268,4.42664225223163
144420168,5.39406424048218
144430068,5.491721980621037
144440301,5.769436179140911
144450060,5.5649652857251795
144460192,5.601586938277251
144470298,4.5273517967498265
144480171,4.853894865339129
144490070,5.18348973830777
144500296,4.188601510643167
144510043,5.64736400396734
144520180,5.961699855039285
144530292,5.14076447699702
144540199,5.369649805447466
144550058,5.726710917830161
144560291,5.14076447699702
144570056,5.5313954375524474
144580175,4.869153887235825
144590293,4.420538643472952
144600196,4.881361104753182
144610074,5.26894026092927
144620287,5.653467612726018
144630087,6.889448386358438
144640172,7.2373540856031155
144650272,7.017624170290688
144660208,5.113298237582967
144670055,3.895628290226597
144680287,4.942397192339968
144690062,5.458152132448305
144700168,5.6321049820706435
144710290,6.495765621423672
144720208,7.954528114747845
144730228,9.813076981765462
144740295,7.612726024261846
144750063,5.256733043411913
144760159,4.655527580682076
144770291,5.229266803997859
144780199,5.467307545586323
144790084,5.918974593728535
144800284,8.296330205233843
144810057,7.3594262607766865
144820295,7.600518806744489
144830263,7.30449378194858
144840237,6.654459449149314
144850088,6.993209735255974
144860285,6.550698100251779
144870071,5.980010681315321
144880188,6.788738841840242
144890285,6.706340123598082
144900186,6.971847104600599
144910080,7.438773174639508
144920310,7.17631799801633
144930064,6.776531624322885
144940315,7.096971084153509
144950289,6.50492103456169
144960177,6.651407644769975
144970078,6.59037155718319
144980281,6.58731975280385
144990036,7.139696345464259
145000177,8.012512397955291
145010283,7.6401922636759
145020164,7.487602044708936
145030065,7.173266193636991
145040339,7.3929961089494185
145050052,6.12649729152362
145060195,6.529335469596404
145070305,6.889448386358438
145080198,7.084763866636152
145090091,7.197680628671705
145100317,8.10101472495613
145110061,7.9179064621957735
145120195,7.795834287022203
145130332,7.4265659571221505
145140207,6.633096818493939
145150083,5.049210345616842
145160297,6.398107881284815
145170047,7.011520561532009
145180186,8.107118333714809
145190344,9.3186846723125
145200292,9.15083543144884
145210078,8.418402380407414
145220297,7.667658503089953
145230157,6.047150377660799
145240174,5.14381628137636
145250302,5.980010681315321
145260174,7.347219043259329
145270064,8.003356984817273
145280304,9.837491416800177
145290087,9.90768291752498
145300194,9.010452429999233
145310289,7.9514763103685056
145320225,7.164110780498973
145330073,6.001373311970696
145340298,6.324864576180673
145350075,6.709391927977421
145360171,7.2922865644312225
145370306,8.021667811093309
145380240,10.096894789044029
145390100,8.824292362859538
145400284,9.06843671320668
145410075,8.378728923476004
145420174,8.09796292057679
145430399,6.929121843289849
145440220,5.290302891584645
145450158,5.424582284275573
145460296,7.478446631570918
145470067,10.267795834287028
145480168,9.477378500038142
145490278,9.666590371557177
145500195,8.766308079652092
145510058,7.985046158541238
145520290,7.060349431601438
145530069,7.057297627222098
145540206,5.748073548485536
145550328,6.541542687113761
145560194,8.790722514686806
145570090,9.181353475242233
145580273,10.209811551079582
145590049,9.172198062104215
145600215,8.784618905928127
145610307,8.10406652933547
145620219,6.941329060807206
145630206,6.8802929732204205
145640284,6.889448386358438
145650046,7.2922865644312225
145660207,8.43366140230411
145670287,9.416342412451357
145680207,9.57198443579766
145690188,9.987029831387801
145700300,8.741893644617377
145710059,8.357366292820629
145720198,7.9392690928511485
145730379,7.777523460746167
145740179,7.252613107499812
145750072,7.502861066605632
145760277,8.961623559929805
145770059,8.949416342412448
145780199,9.770351720454713
145790307,8.741893644617377
145800188,10.652323186083777
145810068,8.415350576028075
145820302,8.189517051956969
145830058,6.688029297322046
145840206,6.919966430151831
145850316,6.626993209735261
145860201,8.021667811093309
145870079,9.050125886930644
145880301,9.800869764248105
145890069,11.31151293202106
145900183,11.65026321812772
145910303,10.371557183184564
145920200,8.625925078202485
145930177,5.915922789349196
145940310,6.688029297322046
145950050,6.224155031662477
145960199,8.046082246128023
145970309,10.160982681010154
145980176,11.73266193636988
145990104,13.15785458152132
146000301,10.80796520943008
146010049,9.944304570077051
146020178,8.424505989166093
146030311,6.382848859388119
146040216,5.937285420004571
146050081,7.969787136644541
146060292,8.116273746852826
146070095,9.752040894178677
146080179,12.303349355306324
146090319,11.8120088502327
146100213,10.572976272220956
146110061,10.698100251773866
146120304,9.306477454795143
146130099,9.227130540932322
146140168,6.538490882734422
146150314,7.9514763103685056
146160220,7.264820325017169
146170062,8.43976501106279
146180305,10.481422140840778
146190059,11.003280689707793
146200184,11.824216067750058
146210332,11.717402914473183
146220199,10.450904097047385
146230097,9.666590371557177
146240300,7.5486381322957214
146250074,7.502861066605632
146260280,5.4764629587243405
146270344,9.376668955519946
146280214,8.567940794995039
146290120,12.059205004959182
146300294,11.967650873579004
146310060,14.01541161211567
146320199,12.605477988860912
146330368,10.9727626459144
146340192,8.970778973067823
146350295,5.970855268177303
146360291,3.9475089646753645
146370173,5.51918822003509
146380194,6.034943160143442
146390291,9.501792935072856
146400218,13.862821393148693
146410089,15.324635690852219
146420289,14.006256198977653
146430085,12.788586251621268
146440314,10.368505378805224
146450296,8.070496681162737
146460230,6.282139314869923
146470127,2.336156252384228
146480316,5.876249332417785
146490073,6.849774929427028
146500197,9.70016021972991
146510330,14.033722438391706
146520188,16.377508201724268
146530179,15.117112993057148
146540322,12.86488136110475
146550069,11.378652628366524
146560209,8.967727168688484
146570313,5.320820935378038
146580217,3.7918669413290615
146590183,2.8091859311818155
146600323,5.68703746089875
146610066,7.240405889982455
146620204,11.72961013199054
146630313,15.501640344853897
146640214,15.211718928816666
146650122,13.95742732890821
146660322,12.516975661860073
146670071,11.326771953917756
146680207,8.757152666514074
146690317,5.613794155794608
146700185,2.7206836041809765
146710095,0.4654001678492392
146720314,-2.391088731212335
146730058,5.9220263981078745
146740207,11.558709086747541
146750297,16.87495231555657
146760180,17.936980239566637
146770074,14.796673533226524
146780315,12.004272526131075
146790079,12.004272526131075
146800180,12.004272526131075
146810322,12.004272526131075
146820206,12.004272526131075
146830076,12.004272526131075
146840354,12.004272526131075
146850075,12.004272526131075
146860194,12.004272526131075
146870351,12.004272526131075
146880199,12.004272526131075
146890109,12.004272526131075
146900313,12.004272526131075
146910076,12.004272526131075
146920187,12.004272526131075
146930366,12.004272526131075
146940231,12.004272526131075
146950102,12.004272526131075
146960309,12.004272526131075
146970068,12.004272526131075
146980178,12.004272526131075
146990303,12.004272526131075
147000207,12.004272526131075
147010065,12.004272526131075
147020335,12.004272526131075
147030058,12.004272526131075
147040244,12.004272526131075
147050303,12.004272526131075
147060231,12.004272526131075
147070093,12.004272526131075
147080322,12.004272526131075
147090071,12.004272526131075
147100224,12.004272526131075
147110329,12.004272526131075
147120241,12.004272526131075
147130094,12.004272526131075
147140314,12.004272526131075
147150055,12.004272526131075
147160218,12.004272526131075
147170310,12.004272526131075
147180220,12.004272526131075
147190104,12.004272526131075
147200320,12.004272526131075
147210067,12.004272526131075
147220226,12.004272526131075
147230319,12.004272526131075
147240212,12.004272526131075
147250124,12.004272526131075
147260310,12.004272526131075
147270055,12.004272526131075
147280221,12.004272526131075
147290343,12.004272526131075
147300235,12.004272526131075
147310088,12.004272526131075
147320339,12.004272526131075
147330052,12.004272526131075
147340213,12.004272526131075
147350349,12.004272526131075
147360234,12.004272526131075
147370094,12.004272526131075
147380367,12.004272526131075
147390050,12.004272526131075
147400210,12.004272526131075
147410333,12.004272526131075
147420200,12.004272526131075
147430102,12.004272526131075
147440340,12.004272526131075
147450069,12.004272526131075
147460201,12.004272526131075
147470350,12.004272526131075
147480207,12.004272526131075
147490092,12.004272526131075
147500325,12.004272526131075
147510050,12.004272526131075
147520201,12.004272526131075
147530351,12.004272526131075
147540260,12.004272526131075
147550087,12.004272526131075
147560335,12.004272526131075
147570071,12.004272526131075
147580200,12.004272526131075
147590343,12.004272526131075
147600249,12.004272526131075
147610091,12.004272526131075
147620330,12.004272526131075
147630071,12.004272526131075
147640203,12.004272526131075
147650341,12.004272526131075
147660248,12.004272526131075
147670085,12.004272526131075
147680325,12.004272526131075
147690070,12.004272526131075
147700197,12.004272526131075
147710332,12.004272526131075
147720226,12.004272526131075
147730096,12.004272526131075
147740764,12.004272526131075
147750093,12.004272526131075
147760192,12.004272526131075
147770341,12.004272526131075
147780245,12.004272526131075
147790126,12.004272526131075
147800403,12.004272526131075
147810063,12.004272526131075
147820219,12.004272526131075
147830362,12.004272526131075
147840261,12.004272526131075
147850106,12.004272526131075
147860336,12.004272526131075
147870100,12.004272526131075
147880224,12.004272526131075
147890323,12.004272526131075
147900223,12.004272526131075
147910112,12.004272526131075
147920308,12.004272526131075
147930073,12.004272526131075
147940229,12.004272526131075
147950325,12.004272526131075
147960234,12.004272526131075
147970238,12.004272526131075
147980315,12.004272526131075
147990067,12.004272526131075
148000218,12.004272526131075
148010313,12.004272526131075
148020238,12.004272526131075
148030121,12.004272526131075
148040344,12.004272526131075
148050064,12.004272526131075
148060212,12.004272526131075
148070346,12.004272526131075
148080238,12.004272526131075
148090101,12.004272526131075
148100344,12.004272526131075
148110060,12.004272526131075
148120218,12.004272526131075
148130334,12.004272526131075
148140237,12.004272526131075
148150115,12.004272526131075
148160338,12.004272526131075
148170055,12.004272526131075
148180219,12.004272526131075
148190343,12.004272526131075
148200213,12.004272526131075
148210208,12.004272526131075
148220349,12.004272526131075
148230067,12.004272526131075
148240326,12.004272526131075
148250342,12.004272526131075
148260238,12.004272526131075
148270093,12.004272526131075
148280343,12.004272526131075
148290084,12.004272526131075
148300212,12.004272526131075
148310324,12.004272526131075
148320234,12.004272526131075
148330094,12.004272526131075
148340357,12.004272526131075
148350083,12.004272526131075
148360327,12.004272526131075
148370338,12.004272526131075
148380249,12.004272526131075
148390198,12.004272526131075
148400332,12.004272526131075
148410095,12.004272526131075
148420209,12.004272526131075
148430331,12.004272526131075
148440246,12.004272526131075
148450117,12.004272526131075
148460349,12.004272526131075
148470077,12.004272526131075
148480204,12.004272526131075
148490356,12.004272526131075
148500235,12.004272526131075
148510087,12.004272526131075
148520330,12.004272526131075
148530068,12.004272526131075
148540224,12.004272526131075
148550329,12.004272526131075
148560251,12.004272526131075
148570138,12.004272526131075
148580343,12.004272526131075
148590078,12.004272526131075
148600228,12.004272526131075
148610340,12.004272526131075
148620254,12.004272526131075
148630133,12.004272526131075
148640331,12.004272526131075
148650075,12.004272526131075
148660221,12.004272526131075
148670313,12.004272526131075
148680229,12.004272526131075
148690111,12.004272526131075
148700327,12.004272526131075
148710073,12.004272526131075
148720230,12.004272526131075
148730336,12.004272526131075
148740228,12.004272526131075
148750102,12.004272526131075
148770065,12.004272526131075
148760319,12.004272526131075
148780212,12.004272526131075
148790347,12.004272526131075
148800215,12.004272526131075
148810114,12.004272526131075
148820348,12.004272526131075
148830072,12.004272526131075
148840213,12.004272526131075
148850343,12.004272526131075
148860217,12.004272526131075
148870098,12.004272526131075
148880345,12.004272526131075
148890083,12.004272526131075
148900223,12.004272526131075
148910349,12.004272526131075
148920217,12.004272526131075
148930100,12.004272526131075
148940379,12.004272526131075
148950065,12.004272526131075
148960215,12.004272526131075
148970346,12.004272526131075
148980228,12.004272526131075
148990120,12.004272526131075
149000371,12.004272526131075
149010058,12.004272526131075
149020213,12.004272526131075
149030388,12.004272526131075
149040273,12.004272526131075
149050103,12.004272526131075
149060335,12.004272526131075
149070086,12.004272526131075
149080216,12.004272526131075
149090372,12.004272526131075
149100244,12.004272526131075
149110095,12.004272526131075
149120334,12.004272526131075
149130094,12.004272526131075
149140206,12.004272526131075
149150338,12.004272526131075
149160251,12.004272526131075
149170120,12.004272526131075
149180341,12.004272526131075
149190078,12.004272526131075
149200205,12.004272526131075
149210356,12.004272526131075
149220243,12.004272526131075
149230088,12.004272526131075
149240355,12.004272526131075
149250106,12.004272526131075
149260200,12.004272526131075
149270363,12.004272526131075
149280260,12.004272526131075
149290113,12.004272526131075
149300326,12.004272526131075
149310077,12.004272526131075
149320228,12.004272526131075
149330351,12.004272526131075
149340235,12.004272526131075
149350115,12.004272526131075
149360326,12.004272526131075
149370077,12.004272526131075
149380236,12.004272526131075
149390333,12.004272526131075
149400235,12.004272526131075
149410137,12.004272526131075
149420326,12.004272526131075
149430082,12.004272526131075
149440232,12.004272526131075
149450321,12.004272526131075
149460250,12.004272526131075
149470110,12.004272526131075
149480327,12.004272526131075
149490077,12.004272526131075
149500217,12.004272526131075
149510341,12.004272526131075
149520247,12.004272526131075
149530146,12.004272526131075
149540351,12.004272526131075
149550078,12.004272526131075
149560226,12.004272526131075
149570358,12.004272526131075
149580356,12.004272526131075
149590127,12.004272526131075
149600374,12.004272526131075
149610065,12.004272526131075
149620221,12.004272526131075
149630416,12.004272526131075
149640222,12.004272526131075
149650105,12.004272526131075
149660340,12.004272526131075
149670081,12.004272526131075
149680220,12.004272526131075
149690341,12.004272526131075
149700213,12.004272526131075
149710210,12.004272526131075
149720345,12.004272526131075
149730067,12.004272526131075
149740338,12.004272526131075
149750355,12.004272526131075
149760249,12.004272526131075
149770126,12.004272526131075
149780344,12.004272526131075
149790095,12.004272526131075
149800318,12.004272526131075
149810350,12.004272526131075
149820255,12.004272526131075
149830101,12.004272526131075
149840366,12.004272526131075
149850098,12.004272526131075
149860210,12.004272526131075
149870337,12.004272526131075
149880265,12.004272526131075
149890100,12.004272526131075
149900330,12.004272526131075
149910091,12.004272526131075
149920216,12.004272526131075
149930370,12.004272526131075
149940279,12.004272526131075
149950126,12.004272526131075
149960338,12.004272526131075
149970112,12.004272526131075
149980209,12.004272526131075
149990340,12.004272526131075
150000243,12.004272526131075
150010418,12.004272526131075
150020357,12.004272526131075
150030963,12.004272526131075
150040433,12.004272526131075
150050344,12.004272526131075
150060286,12.004272526131075
150070129,12.004272526131075
150080334,12.004272526131075
150090077,12.004272526131075
150100237,12.004272526131075
150110320,12.004272526131075
150120262,12.004272526131075
150130268,12.004272526131075
150140333,12.004272526131075
150150087,12.004272526131075
150160235,12.004272526131075
150170316,12.004272526131075
150180256,12.004272526131075
150190116,12.004272526131075
150200335,12.004272526131075
150210084,12.004272526131075
150220248,12.004272526131075
150230329,12.004272526131075
150240258,12.004272526131075
150250116,12.004272526131075
150260336,12.004272526131075
150270078,12.004272526131075
150280239,12.004272526131075
150290397,12.004272526131075
150300247,12.004272526131075
150310119,12.004272526131075
150320385,12.004272526131075
150330078,12.004272526131075
150340231,12.004272526131075
150350357,12.004272526131075
150360253,12.004272526131075
150370133,12.004272526131075
150380346,12.004272526131075
150390083,12.004272526131075
150400212,12.004272526131075
150410351,12.004272526131075
150420230,12.004272526131075
150430107,12.004272526131075
150440388,12.004272526131075
150450076,12.004272526131075
150460228,12.004272526131075
150470341,12.004272526131075
150480232,12.004272526131075
150490105,12.004272526131075
150500351,12.004272526131075
150510079,12.004272526131075
150520235,12.004272526131075
150530350,12.004272526131075
150540278,12.004272526131075
150550122,12.004272526131075
150560390,12.004272526131075
150570105,12.004272526131075
150580232,12.004272526131075
150590348,12.004272526131075
150600264,12.004272526131075
150610102,12.004272526131075
150620372,12.004272526131075
150630098,12.004272526131075
150640235,12.004272526131075
150650342,12.004272526131075
150660245,12.004272526131075
150670114,12.004272526131075
150680372,12.004272526131075
150690096,12.004272526131075
150700205,12.004272526131075
150710346,12.004272526131075
150720272,12.004272526131075
150730094,12.004272526131075
150740364,12.004272526131075
150750091,12.004272526131075
150760227,12.004272526131075
150770352,12.004272526131075
150780254,12.004272526131075
150790153,12.004272526131075
150800350,12.004272526131075
150810102,12.004272526131075
150820249,12.004272526131075
150830344,12.004272526131075
150840271,12.004272526131075
150850153,12.004272526131075
150860353,12.004272526131075
150870102,12.004272526131075
150880251,12.004272526131075
150890357,12.004272526131075
150900245,12.004272526131075
150910149,12.004272526131075
150920334,12.004272526131075
150930087,12.004272526131075
150940238,12.004272526131075
150950360,12.004272526131075
150960239,12.004272526131075
150970123,12.004272526131075
150980339,12.004272526131075
150990081,12.004272526131075
151000243,12.004272526131075
151010356,12.004272526131075
151020257,12.004272526131075
151030122,12.004272526131075
151040383,12.004272526131075
151050110,12.004272526131075
151060237,12.004272526131075
151070411,12.004272526131075
151080232,12.004272526131075
151090140,12.004272526131075
151100372,12.004272526131075
151110076,12.004272526131075
151120228,12.004272526131075
151130356,12.004272526131075
151140260,12.004272526131075
151150252,12.004272526131075
151160369,12.004272526131075
151170086,12.004272526131075
151180234,12.004272526131075
151190359,12.004272526131075
151200230,12.004272526131075
151210129,12.004272526131075
151220366,12.004272526131075
151230078,12.004272526131075
151240235,12.004272526131075
151250346,12.004272526131075
151260256,12.004272526131075
151270115,12.004272526131075
151280371,12.004272526131075
151290110,12.004272526131075
151300226,12.004272526131075
151310355,12.004272526131075
151320255,12.004272526131075
151330098,12.004272526131075
151340357,12.004272526131075
151350117,12.004272526131075
151360228,12.004272526131075
151370346,12.004272526131075
151380261,12.004272526131075
151390237,12.004272526131075
151400359,12.004272526131075
151410116,12.004272526131075
151420229,12.004272526131075
151430357,12.004272526131075
151440253,12.004272526131075
151450108,12.004272526131075
151460349,12.004272526131075
151470094,12.004272526131075
151480234,12.004272526131075
151490342,12.004272526131075
151500251,12.004272526131075
151510208,12.004272526131075
151520352,12.004272526131075
151530090,12.004272526131075
151540253,12.004272526131075
151550350,12.004272526131075
151560279,12.004272526131075
151570129,12.004272526131075
151580345,12.004272526131075
151590087,12.004272526131075
151600263,12.004272526131075
151610342,12.004272526131075
151620272,12.004272526131075
151630149,12.004272526131075
151640357,12.004272526131075
151650094,12.004272526131075
151660356,12.004272526131075
151670349,12.004272526131075
151680253,12.004272526131075
151690124,12.004272526131075
151700326,12.004272526131075
151710103,12.004272526131075
151720245,12.004272526131075
151730333,12.004272526131075
151740275,12.004272526131075
151750138,12.004272526131075
151760345,12.004272526131075
151770082,12.004272526131075
151780367,12.004272526131075
151790376,12.004272526131075
151800226,12.004272526131075
151810120,12.004272526131075
151820381,12.004272526131075
151830105,12.004272526131075
151840232,12.004272526131075
151850397,12.004272526131075
151860265,12.004272526131075
151870116,12.004272526131075
151880374,12.004272526131075
151890096,12.004272526131075
151900243,12.004272526131075
151910381,12.004272526131075
151920262,12.004272526131075
151930121,12.004272526131075
151940401,12.004272526131075
151950084,12.004272526131075
151960238,12.004272526131075
151970341,12.004272526131075
151980263,12.004272526131075
151990117,12.004272526131075
152000359,12.004272526131075
152010077,12.004272526131075
152020238,12.004272526131075
152030368,12.004272526131075
152040288,12.004272526131075
152050141,12.004272526131075
152060376,12.004272526131075
152070117,12.004272526131075
152080241,12.004272526131075
152090360,12.004272526131075
152100279,12.004272526131075
152110107,12.004272526131075
152120358,12.004272526131075
152130106,12.004272526131075
152140215,12.004272526131075
152150361,12.004272526131075
152160281,12.004272526131075
152170138,12.004272526131075
152180360,12.004272526131075
152190100,12.004272526131075
152200234,12.004272526131075
152210366,12.004272526131075
152220259,12.004272526131075
152230101,12.004272526131075
152240368,12.004272526131075
152250103,12.004272526131075
152260224,12.004272526131075
152270380,12.004272526131075
152280271,12.004272526131075
152290164,12.004272526131075
152300358,12.004272526131075
152310114,12.004272526131075
152320250,12.004272526131075
152330355,12.004272526131075
152340267,12.004272526131075
152350136,12.004272526131075
152360347,12.004272526131075
152370095,12.004272526131075
152380247,12.004272526131075
152390354,12.004272526131075
152400263,12.004272526131075
152410139,12.004272526131075
152420356,12.004272526131075
152430091,12.004272526131075
152440253,12.004272526131075
152450349,12.004272526131075
152460263,12.004272526131075
152470159,12.004272526131075
152480348,12.004272526131075
152490086,12.004272526131075
152500246,12.004272526131075
152510378,12.004272526131075
152520265,12.004272526131075
152530223,12.004272526131075
152540366,12.004272526131075
152550241,12.004272526131075
152560245,12.004272526131075
152570381,12.004272526131075
152580247,12.004272526131075
152590128,12.004272526131075
152600374,12.004272526131075
152610089,12.004272526131075
152620239,12.004272526131075
152630363,12.004272526131075
152640264,12.004272526131075
152650122,12.004272526131075
152660371,12.004272526131075
152670102,12.004272526131075
152680240,12.004272526131075
152690363,12.004272526131075
152700245,12.004272526131075
152710118,12.004272526131075
152720370,12.004272526131075
152730079,12.004272526131075
152740254,12.004272526131075
152750464,12.004272526131075
152760275,12.004272526131075
152770147,12.004272526131075
152780383,12.004272526131075
152790115,12.004272526131075
152800237,12.004272526131075
152810387,12.004272526131075
152820288,12.004272526131075
152830114,12.004272526131075
152840368,12.004272526131075
152850109,12.004272526131075
152860228,12.004272526131075
152870357,12.004272526131075
152880284,12.004272526131075
152890127,12.004272526131075
152900357,12.004272526131075
152910117,12.004272526131075
152920237,12.004272526131075
152930401,12.004272526131075
152940267,12.004272526131075
152950143,12.004272526131075
152960371,12.004272526131075
152970127,12.004272526131075
152980228,12.004272526131075
152990368,12.004272526131075
153000263,12.004272526131075
153010107,12.004272526131075
153020356,12.004272526131075
153030098,12.004272526131075
153040261,12.004272526131075
153050352,12.004272526131075
153060282,12.004272526131075
153070143,12.004272526131075
153080364,12.004272526131075
153090102,12.004272526131075
153100257,12.004272526131075
153110358,12.004272526131075
153120261,12.004272526131075
153130144,12.004272526131075
153140350,12.004272526131075
153150110,12.004272526131075
153160253,12.004272526131075
153170365,12.004272526131075
153180256,12.004272526131075
153190131,12.004272526131075
153200355,12.004272526131075
153210097,12.004272526131075
153220251,12.004272526131075
153230362,12.004272526131075
153240283,12.004272526131075
153250135,12.004272526131075
153260346,12.004272526131075
153270097,12.004272526131075
153280253,12.004272526131075
153290380,12.004272526131075
153300259,12.004272526131075
153310146,12.004272526131075
153320384,12.004272526131075
153330098,12.004272526131075
153340245,12.004272526131075
153350385,12.004272526131075
153360275,12.004272526131075
153370125,12.004272526131075
153380371,12.004272526131075
153390086,12.004272526131075
153400249,12.004272526131075
153410381,12.004272526131075
153420239,12.004272526131075
153430150,12.004272526131075
153440391,12.004272526131075
153450092,12.004272526131075
153460249,12.004272526131075
153470382,12.004272526131075
153480261,12.004272526131075
153490126,12.004272526131075
153500377,12.004272526131075
153510124,12.004272526131075
153520246,12.004272526131075
153530377,12.004272526131075
153540295,12.004272526131075
153550126,12.004272526131075
153560397,12.004272526131075
153570114,12.004272526131075
153580238,12.004272526131075
153590373,12.004272526131075
153600262,12.004272526131075
153610380,12.004272526131075
153620367,12.004272526131075
153630116,12.004272526131075
153640239,12.004272526131075
153650372,12.004272526131075
153660270,12.004272526131075
153670121,12.004272526131075
153680368,12.004272526131075
153690119,12.004272526131075
153700232,12.004272526131075
153710364,12.004272526131075
153720293,12.004272526131075
153730138,12.004272526131075
153740396,12.004272526131075
153750111,12.004272526131075
153760235,12.004272526131075
153770358,12.004272526131075
153780273,12.004272526131075
153790264,12.004272526131075
153800378,12.004272526131075
153810109,12.004272526131075
153820266,12.004272526131075
153830381,12.004272526131075
153840294,12.004272526131075
153850174,12.004272526131075
153860364,12.004272526131075
153870101,12.004272526131075
153880265,12.004272526131075
153890376,12.004272526131075
153900258,12.004272526131075
153910134,12.004272526131075
153920385,12.004272526131075
153930112,12.004272526131075
153940377,12.004272526131075
153950358,12.004272526131075
153960267,12.004272526131075
153970139,12.004272526131075
153980393,12.004272526131075
153990116,12.004272526131075
154000363,12.004272526131075
154010380,12.004272526131075
154020287,12.004272526131075
154030142,12.004272526131075
154040392,12.004272526131075
154050107,12.004272526131075
154060259,12.004272526131075
154070421,12.004272526131075
154080282,12.004272526131075
154090130,12.004272526131075
154100378,12.004272526131075
154110094,12.004272526131075
154120242,12.004272526131075
154130381,12.004272526131075
154140273,12.004272526131075
154150160,12.004272526131075
154160386,12.004272526131075
154170121,12.004272526131075
154180377,12.004272526131075
154190378,12.004272526131075
154200258,12.004272526131075
154210241,12.004272526131075
154220375,12.004272526131075
154230245,12.004272526131075
154240247,12.004272526131075
154250401,12.004272526131075
154260243,12.004272526131075
154270138,12.004272526131075
154280370,12.004272526131075
154290119,12.004272526131075
154300248,12.004272526131075
154310394,12.004272526131075
154320298,12.004272526131075
154330115,12.004272526131075
154340370,12.004272526131075
154350122,12.004272526131075
154360244,12.004272526131075
154370362,12.004272526131075
154380299,12.004272526131075
154390133,12.004272526131075
154400372,12.004272526131075
154410133,12.004272526131075
154420248,12.004272526131075
154430384,12.004272526131075
154440275,12.004272526131075
154450139,12.004272526131075
154460397,12.004272526131075
154470133,12.004272526131075
154480238,12.004272526131075
154490365,12.004272526131075
154500269,12.004272526131075
154510116,12.004272526131075
154520368,12.004272526131075
154530114,12.004272526131075
154540266,12.004272526131075
154550362,12.004272526131075
154560293,12.004272526131075
154570148,12.004272526131075
154580364,12.004272526131075
154590112,12.004272526131075
154600268,12.004272526131075
154610379,12.004272526131075
154620290,12.004272526131075
154630158,12.004272526131075
154640374,12.004272526131075
154650111,12.004272526131075
154660264,12.004272526131075
154670363,12.004272526131075
154680270,12.004272526131075
154690140,12.004272526131075
154700357,12.004272526131075
154710243,12.004272526131075
154720259,12.004272526131075
154730375,12.004272526131075
154740288,12.004272526131075
154750255,12.004272526131075
154760371,12.004272526131075
154770103,12.004272526131075
154780260,12.004272526131075
154790387,12.004272526131075
154800261,12.004272526131075
154810151,12.004272526131075
154820388,12.004272526131075
154830106,12.004272526131075
154840371,12.004272526131075
154850380,12.004272526131075
154860282,12.004272526131075
154870169,12.004272526131075
154880405,12.004272526131075
154890107,12.004272526131075
154900259,12.004272526131075
154910386,12.004272526131075
154920259,12.004272526131075
154930139,12.004272526131075
154940407,12.004272526131075
154950116,12.004272526131075
154960252,12.004272526131075
154970386,12.004272526131075
154980276,12.004272526131075
154990132,12.004272526131075
155000388,12.004272526131075
155010098,12.004272526131075
155020253,12.004272526131075
155030380,12.004272526131075
155040289,12.004272526131075
155050139,12.004272526131075
155060378,12.004272526131075
155070127,12.004272526131075
155080250,12.004272526131075
155090387,12.004272526131075
155100287,12.004272526131075
155110138,12.004272526131075
155120381,12.004272526131075
155130138,12.004272526131075
155140248,12.004272526131075
155150384,12.004272526131075
155160286,12.004272526131075
155170139,12.004272526131075
155180379,12.004272526131075
155190126,12.004272526131075
155200253,12.004272526131075
155210363,12.004272526131075
155220296,12.004272526131075
155230119,12.004272526131075
155240411,12.004272526131075
155250131,12.004272526131075
155260245,12.004272526131075
155270385,12.004272526131075
155280291,12.004272526131075
155290152,12.004272526131075
155300369,12.004272526131075
155310120,12.004272526131075
155320269,12.004272526131075
155330368,12.004272526131075
155340304,12.004272526131075
155350161,12.004272526131075
155360390,12.004272526131075
155370113,12.004272526131075
155380269,12.004272526131075
155390372,12.004272526131075
155400276,12.004272526131075
155410153,12.004272526131075
155420373,12.004272526131075
155430115,12.004272526131075
155440273,12.004272526131075
155450403,12.004272526131075
155460293,12.004272526131075
155470212,12.004272526131075
155480374,12.004272526131075
155490122,12.004272526131075
155500263,12.004272526131075
155510363,12.004272526131075
155520289,12.004272526131075
155530146,12.004272526131075
155540423,12.004272526131075
155550107,12.004272526131075
155560260,12.004272526131075
155570404,12.004272526131075
155580294,12.004272526131075
155590202,12.004272526131075
155600396,12.004272526131075
155610104,12.004272526131075
155620271,12.004272526131075
155630391,12.004272526131075
155640294,12.004272526131075
155650174,12.004272526131075
155660401,12.004272526131075
155670112,12.004272526131075
155680256,12.004272526131075
155690411,12.004272526131075
155700266,12.004272526131075
155710140,12.004272526131075
155720413,12.004272526131075
155730101,12.004272526131075
155740266,12.004272526131075
155750417,12.004272526131075
155760278,12.004272526131075
155770152,12.004272526131075
155780398,12.004272526131075
155790139,12.004272526131075
155800265,12.004272526131075
155810411,12.004272526131075
155820318,12.004272526131075
155830163,12.004272526131075
155840405,12.004272526131075
155850139,12.004272526131075
155860254,12.004272526131075
155870459,12.004272526131075
155880300,12.004272526131075
155890138,12.004272526131075
155900385,12.004272526131075
155910122,12.004272526131075
155920251,12.004272526131075
155930395,12.004272526131075
155940313,12.004272526131075
155950139,12.004272526131075
155960387,12.004272526131075
155970133,12.004272526131075
155980251,12.004272526131075
155990380,12.004272526131075
156000280,12.004272526131075
156010135,12.004272526131075
156020368,12.004272526131075
156030117,12.004272526131075
156040282,12.004272526131075
156050411,12.004272526131075
156060308,12.004272526131075
156070185,12.004272526131075
156080374,12.004272526131075
156090125,12.004272526131075
156100272,12.004272526131075
156110391,12.004272526131075
156120294,12.004272526131075
156130266,12.004272526131075
156140379,12.004272526131075
156150137,12.004272526131075
156160307,12.004272526131075
156170396,12.004272526131075
156180298,12.004272526131075
156190186,12.004272526131075
156200366,12.004272526131075
156210126,12.004272526131075
156220281,12.004272526131075
156230392,12.004272526131075
156240295,12.004272526131075
156250177,12.004272526131075
156260377,12.004272526131075
156270111,12.004272526131075
156280273,12.004272526131075
156290398,12.004272526131075
156300268,12.004272526131075
156310159,12.004272526131075
156320402,12.004272526131075
156330113,12.004272526131075
156340274,12.004272526131075
156350398,12.004272526131075
156360271,12.004272526131075
156370145,12.004272526131075
156380414,12.004272526131075
156390126,12.004272526131075
156400269,12.004272526131075
156410395,12.004272526131075
156420284,12.004272526131075
156430262,12.004272526131075
156440402,12.004272526131075
156450111,12.004272526131075
156460265,12.004272526131075
156470392,12.004272526131075
156480295,12.004272526131075
156490146,12.004272526131075
156500389,12.004272526131075
156510114,12.004272526131075
156520259,12.004272526131075
156530387,12.004272526131075
156540319,12.004272526131075
156550173,12.004272526131075
156560390,12.004272526131075
156570134,12.004272526131075
156580260,12.004272526131075
156590400,12.004272526131075
156600294,12.004272526131075
156610141,12.004272526131075
156620398,12.004272526131075
156630126,12.004272526131075
156640257,12.004272526131075
156650425,12.004272526131075
156660312,12.004272526131075
156670162,12.004272526131075
156680391,12.004272526131075
156690126,12.004272526131075
156700266,12.004272526131075
156710398,12.004272526131075
156720315,12.004272526131075
156730223,12.004272526131075
156740390,12.004272526131075
156750143,12.004272526131075
156760259,12.004272526131075
156770388,12.004272526131075
156780268,12.004272526131075
156790166,12.004272526131075
156800386,12.004272526131075
156810131,12.004272526131075
156820283,12.004272526131075
156830397,12.004272526131075
156840302,12.004272526131075
156850162,12.004272526131075
156860413,12.004272526131075
156870132,12.004272526131075
156880275,12.004272526131075
156890420,12.004272526131075
156900277,12.004272526131075
156910165,12.004272526131075
156920389,12.004272526131075
156930118,12.004272526131075
156940275,12.004272526131075
156950382,12.004272526131075
156960277,12.004272526131075
156970165,12.004272526131075
156980382,12.004272526131075
156990126,12.004272526131075
157000288,12.004272526131075
157010373,12.004272526131075
157020301,12.004272526131075
157030161,12.004272526131075
157040476,12.004272526131075
157050143,12.004272526131075
157060296,12.004272526131075
157070410,12.004272526131075
157080272,12.004272526131075
157090160,12.004272526131075
157100408,12.004272526131075
157110115,12.004272526131075
157120275,12.004272526131075
157130390,12.004272526131075
157140278,12.004272526131075
157150159,12.004272526131075
157160395,12.004272526131075
157170116,12.004272526131075
157180271,12.004272526131075
157190416,12.004272526131075
157200280,12.004272526131075
157210149,12.004272526131075
157220403,12.004272526131075
157230113,12.004272526131075
157240269,12.004272526131075
157250414,12.004272526131075
157260286,12.004272526131075
157270262,12.004272526131075
157280403,12.004272526131075
157290138,12.004272526131075
157300275,12.004272526131075
157310393,12.004272526131075
157320313,12.004272526131075
157330170,12.004272526131075
157340412,12.004272526131075
157350138,12.004272526131075
157360286,12.004272526131075
157370430,12.004272526131075
157380299,12.004272526131075
157390261,12.004272526131075
157400387,12.004272526131075
157410142,12.004272526131075
157420269,12.004272526131075
157430422,12.004272526131075
157440323,12.004272526131075
157450143,12.004272526131075
157460396,12.004272526131075
157470134,12.004272526131075
157480259,12.004272526131075
157490400,12.004272526131075
157500294,12.004272526131075
157510157,12.004272526131075
157520390,12.004272526131075
157530136,12.004272526131075
157540297,12.004272526131075
157550392,12.004272526131075
157560314,12.004272526131075
157570192,12.004272526131075
157580382,12.004272526131075
157590139,12.004272526131075
157600289,12.004272526131075
157610387,12.004272526131075
157620305,12.004272526131075
157630192,12.004272526131075
157640388,12.004272526131075
157650127,12.004272526131075
157660292,12.004272526131075
157670386,12.004272526131075
157680310,12.004272526131075
157690160,12.004272526131075
157700388,12.004272526131075
157710129,12.004272526131075
157720287,12.004272526131075
157730395,12.004272526131075
157740310,12.004272526131075
157750169,12.004272526131075
157760773,12.004272526131075
157770129,12.004272526131075
157780332,12.004272526131075
157790447,12.004272526131075
157800279,12.004272526131075
157810155,12.004272526131075
157820414,12.004272526131075
157830129,12.004272526131075
157840277,12.004272526131075
157850411,12.004272526131075
157860279,12.004272526131075
157870157,12.004272526131075
157880421,12.004272526131075
157890118,12.004272526131075
157900283,12.004272526131075
157910406,12.004272526131075
157920303,12.004272526131075
157930182,12.004272526131075
157940402,12.004272526131075
157950122,12.004272526131075
157960274,12.004272526131075
157970397,12.004272526131075
157980305,12.004272526131075
157990150,12.004272526131075
158000407,12.004272526131075
158010126,12.004272526131075
158020279,12.004272526131075
158030395,12.004272526131075
158040331,12.004272526131075
158050163,12.004272526131075
158060401,12.004272526131075
158070163,12.004272526131075
158080271,12.004272526131075
158090411,12.004272526131075
158100285,12.004272526131075
158110149,12.004272526131075
158120396,12.004272526131075
158130164,12.004272526131075
158140296,12.004272526131075
158150404,12.004272526131075
158160333,12.004272526131075
158170152,12.004272526131075
158180428,12.004272526131075
158190151,12.004272526131075
158200267,12.004272526131075
158210389,12.004272526131075
158220301,12.004272526131075
158230160,12.004272526131075
158240417,12.004272526131075
158250139,12.004272526131075
158260264,12.004272526131075
158270388,12.004272526131075
158280329,12.004272526131075
158290174,12.004272526131075
158300395,12.004272526131075
158310141,12.004272526131075
158320301,12.004272526131075
158330424,12.004272526131075
158340299,12.004272526131075
158350177,12.004272526131075
158360423,12.004272526131075
158370140,12.004272526131075
158380295,12.004272526131075
158390401,12.004272526131075
158400289,12.004272526131075
158410170,12.004272526131075
158420385,12.004272526131075
158430144,12.004272526131075
158440393,12.004272526131075
158450395,12.004272526131075
158460311,12.004272526131075
158470275,12.004272526131075
158480383,12.004272526131075
158490155,12.004272526131075
158500295,12.004272526131075
158510386,12.004272526131075
158520302,12.004272526131075
158530271,12.004272526131075
158540431,12.004272526131075
158550149,12.004272526131075
158560285,12.004272526131075
158570410,12.004272526131075
158580301,12.004272526131075
158590171,12.004272526131075
158600406,12.004272526131075
158610130,12.004272526131075
158620283,12.004272526131075
158630430,12.004272526131075
158640287,12.004272526131075
158650167,12.004272526131075
158660439,12.004272526131075
158670128,12.004272526131075
158680282,12.004272526131075
158690432,12.004272526131075
158700289,12.004272526131075
158710159,12.004272526131075
158720424,12.004272526131075
158730123,12.004272526131075
158740286,12.004272526131075
158750406,12.004272526131075
158760275,12.004272526131075
158770165,12.004272526131075
158780446,12.004272526131075
158790148,12.004272526131075
158800280,12.004272526131075
158810394,12.004272526131075
158820316,12.004272526131075
158830180,12.004272526131075
158840415,12.004272526131075
158850164,0.0015259021896696368
158860274,0.0015259021896696368
158870430,0.0015259021896696368
158880306,0.0015259021896696368
158890276,0.0015259021896696368
158900414,0.0015259021896696368
158910156,0.0015259021896696368
158920268,0.0015259021896696368
158930441,0.0015259021896696368
158940325,0.0015259021896696368
158950164,0.0015259021896696368
158960404,0.0015259021896696368
158970154,0.0015259021896696368
158980278,0.0015259021896696368
158990396,0.0015259021896696368
159000287,0.0015259021896696368
159010159,0.0015259021896696368
159020404,0.0015259021896696368
159030168,0.0015259021896696368
159040290,0.0015259021896696368
159050414,0.0015259021896696368
159060304,0.0015259021896696368
159070175,0.0015259021896696368
159080445,0.0015259021896696368
159090168,0.0015259021896696368
159100283,0.0015259021896696368
159110387,0.0015259021896696368
159120308,0.0015259021896696368
159130192,0.0015259021896696368
159140441,0.0015259021896696368
159150150,0.0015259021896696368
159160295,0.0015259021896696368
159170402,0.0015259021896696368
159180301,0.0015259021896696368
159190176,0.0015259021896696368
159200386,0.0015259021896696368
159210144,0.0015259021896696368
159220284,0.0015259021896696368
159230439,0.0015259021896696368
159240309,0.0015259021896696368
159250215,0.0015259021896696368
159260381,0.0015259021896696368
159270134,0.0015259021896696368
159280279,0.0015259021896696368
159290418,0.0015259021896696368
159300270,0.0015259021896696368
159310176,0.0015259021896696368
159320469,0.0015259021896696368
159330132,0.0015259021896696368
159340279,0.0015259021896696368
159350325,0.0015259021896696368
159360277,0.0015259021896696368
159370221,0.0015259021896696368
159380417,0.0015259021896696368
159390129,0.0015259021896696368
159400292,0.0015259021896696368
159410450,0.0015259021896696368
159420295,0.0015259021896696368
159430315,0.0015259021896696368
159440425,0.0015259021896696368
159450136,0.0015259021896696368
159460297,0.0015259021896696368
159470463,0.0015259021896696368
159480264,0.0015259021896696368
159490210,0.0015259021896696368
159500408,0.0015259021896696368
159510133,0.0015259021896696368
159520287,0.0015259021896696368
159530463,0.0015259021896696368
159540317,0.0015259021896696368
159550195,0.0015259021896696368
159560400,0.0015259021896696368
159570162,0.0015259021896696368
159580275,0.0015259021896696368
159590445,0.0015259021896696368
159600308,0.0015259021896696368
159610156,0.0015259021896696368
159620455,0.0015259021896696368
159630160,0.0015259021896696368
159640269,0.0015259021896696368
159650443,0.0015259021896696368
159660326,0.0015259021896696368
159670155,0.0015259021896696368
159680403,0.0015259021896696368
159690172,0.0015259021896696368
159700267,0.0015259021896696368
159710398,0.0015259021896696368
159720311,0.0015259021896696368
159730163,0.0015259021896696368
159740461,0.0015259021896696368
159750151,0.0015259021896696368
159760274,0.0015259021896696368
159770412,0.0015259021896696368
159780427,0.0015259021896696368
159790214,0.0015259021896696368
159800402,0.0015259021896696368
159810156,0.0015259021896696368
159820289,0.0015259021896696368
159830407,0.0015259021896696368
159840292,0.0015259021896696368
159850297,0.0015259021896696368
159860430,0.0015259021896696368
159870289,0.0015259021896696368
159880202,0.0015259021896696368
159890259,0.0015259021896696368
159900410,0.0015259021896696368
159910295,0.0015259021896696368
159920447,0.0015259021896696368
159930319,0.0015259021896696368
159940173,0.0015259021896696368
159950276,0.0015259021896696368
159960409,0.0015259021896696368
159970195,0.0015259021896696368
159980387,0.0015259021896696368
159990316,0.0015259021896696368
160000181,0.0015259021896696368
160010263,0.0015259021896696368
160020412,0.0015259021896696368
160030190,0.0015259021896696368
160040473,0.0015259021896696368
160050322,0.0015259021896696368
160060221,0.0015259021896696368
160070296,0.0015259021896696368
160080408,0.0015259021896696368
160090208,0.0015259021896696368
160100434,0.0015259021896696368
160110279,0.0015259021896696368
160120176,0.0015259021896696368
160130296,0.0015259021896696368
160140435,0.0015259021896696368
160150167,0.0015259021896696368
160160427,0.0015259021896696368
160170298,0.0015259021896696368
160180186,0.0015259021896696368
160190293,0.0015259021896696368
160200457,0.0015259021896696368
160210187,0.0015259021896696368
160220423,0.0015259021896696368
160230306,0.0015259021896696368
160240227,0.0015259021896696368
160250291,0.0015259021896696368
160260413,0.0015259021896696368
160270209,0.0015259021896696368
160280412,0.0015259021896696368
160290345,0.0015259021896696368
160300529,0.0015259021896696368
160310543,0.0015259021896696368
160320520,0.0015259021896696368
160330336,0.0015259021896696368
160340448,0.0015259021896696368
160350325,0.0015259021896696368
160360150,0.0015259021896696368
160370421,0.0015259021896696368
160380455,0.0015259021896696368
160390149,0.0015259021896696368
160400424,0.0015259021896696368
160410301,0.0015259021896696368
160420204,0.0015259021896696368
160430406,0.0015259021896696368
160440433,0.0015259021896696368
160450160,0.0015259021896696368
160460429,0.0015259021896696368
160470326,0.0015259021896696368
160480149,0.0015259021896696368
160490398,0.0015259021896696368
160500420,0.0015259021896696368
160510148,0.0015259021896696368
160520437,0.0015259021896696368
160530323,0.0015259021896696368
160540243,0.0015259021896696368
160550417,0.0015259021896696368
160560482,0.0015259021896696368
160570340,0.0015259021896696368
160580410,0.0015259021896696368
160590316,0.0015259021896696368
160600187,0.0015259021896696368
160610410,0.0015259021896696368
160620422,0.0015259021896696368
160630156,0.0015259021896696368
160640433,0.0015259021896696368
160650314,0.0015259021896696368
160660234,0.0015259021896696368
160670411,0.0015259021896696368
160680422,0.0015259021896696368
160690166,0.0015259021896696368
160700400,0.0015259021896696368
160710293,0.0015259021896696368
160720178,0.0015259021896696368
160730404,0.0015259021896696368
160740418,0.0015259021896696368
160750172,0.0015259021896696368
160760490,0.0015259021896696368
160770289,0.0015259021896696368
160780182,0.0015259021896696368
160790428,0.0015259021896696368
160800418,0.0015259021896696368
160810170,0.0015259021896696368
160820436,0.0015259021896696368
160830315,0.0015259021896696368
160840168,0.0015259021896696368
160850343,0.0015259021896696368
160860317,0.0015259021896696368
160870231,0.0015259021896696368
160880409,0.0015259021896696368
160890437,0.0015259021896696368
160900178,0.0015259021896696368
160910419,0.0015259021896696368
160920420,0.0015259021896696368
160930170,0.0015259021896696368
160940306,0.0015259021896696368
160950414,0.0015259021896696368
160960171,0.0015259021896696368
160970438,0.0015259021896696368
160980289,0.0015259021896696368
160990170,0.0015259021896696368
161000302,0.0015259021896696368
161010431,0.0015259021896696368
161020185,0.0015259021896696368
161030447,0.0015259021896696368
161040338,0.0015259021896696368
161050178,0.0015259021896696368
161060296,0.0015259021896696368
161070453,0.0015259021896696368
161080178,0.0015259021896696368
161090459,0.0015259021896696368
161100314,0.0015259021896696368
161110170,0.0015259021896696368
161120299,0.0015259021896696368
161130456,0.0015259021896696368
161140303,0.0015259021896696368
161150415,0.0015259021896696368
161160314,0.0015259021896696368
161170174,0.0015259021896696368
161180291,0.0015259021896696368
161190525,0.0015259021896696368
161200172,0.0015259021896696368
161210421,0.0015259021896696368
161220331,0.0015259021896696368
161230262,0.0015259021896696368
161240288,0.0015259021896696368
161250451,0.0015259021896696368
161260221,0.0015259021896696368
161270408,0.0015259021896696368
161280330,0.0015259021896696368
161290192,0.0015259021896696368
161300285,0.0015259021896696368
161310445,0.0015259021896696368
161320185,0.0015259021896696368
161330418,0.0015259021896696368
161340308,0.0015259021896696368
161350311,0.0015259021896696368
161360312,0.0015259021896696368
161370333,0.0015259021896696368
161380193,0.0015259021896696368
161390290,0.0015259021896696368
161400308,0.0015259021896696368
161410188,0.0015259021896696368
161420283,0.0015259021896696368
161430323,0.0015259021896696368
161440182,0.0015259021896696368
161450314,0.0015259021896696368
161460290,0.0015259021896696368
161470182,0.0015259021896696368
161480278,0.0015259021896696368
161490296,0.0015259021896696368
161500182,0.0015259021896696368
161510270,0.0015259021896696368
161520315,0.0015259021896696368
161530183,0.0015259021896696368
161540335,0.0015259021896696368
161550315,0.0015259021896696368
161560183,0.0015259021896696368
161570311,0.0015259021896696368
161580318,0.0015259021896696368
161590225,0.0015259021896696368
161600341,0.0015259021896696368
161610294,0.0015259021896696368
161620221,0.0015259021896696368
161630299,0.0015259021896696368
161640288,0.0015259021896696368
161650183,0.0015259021896696368
161660303,0.0015259021896696368
161670426,0.0015259021896696368
161680185,0.0015259021896696368
161690271,0.0015259021896696368
161700286,0.0015259021896696368
161710169,0.0015259021896696368
161720301,0.0015259021896696368
161730316,0.0015259021896696368
161740202,0.0015259021896696368
161750279,0.0015259021896696368
161760301,0.0015259021896696368
161770165,0.0015259021896696368
161780305,0.0015259021896696368
161790319,0.0015259021896696368
161800185,0.0015259021896696368
161810280,0.0015259021896696368
161820333,0.0015259021896696368
161830163,0.0015259021896696368
161840300,0.0015259021896696368
161850334,0.0015259021896696368
161860174,0.0015259021896696368
161870292,0.0015259021896696368
161880459,0.0015259021896696368
161890172,0.0015259021896696368
161900464,0.0015259021896696368
161910338,0.0015259021896696368
161920220,0.0015259021896696368
161930329,0.0015259021896696368
161940465,0.0015259021896696368
161950191,0.0015259021896696368
161960421,0.0015259021896696368
161970334,0.0015259021896696368
161980187,0.0015259021896696368
161990285,0.0015259021896696368
162000449,0.0015259021896696368
162010201,0.0015259021896696368
162020410,0.0015259021896696368
162030308,0.0015259021896696368
162040249,0.0015259021896696368
162050284,0.0015259021896696368
162060452,0.0015259021896696368
162070248,0.0015259021896696368
162080427,0.0015259021896696368
162090301,0.0015259021896696368
162100190,0.0015259021896696368
162110291,0.0015259021896696368
162120452,0.0015259021896696368
162130187,0.0015259021896696368
162140474,0.0015259021896696368
162150330,0.0015259021896696368
162160241,0.0015259021896696368
162170289,0.0015259021896696368
162180446,0.0015259021896696368
162190207,0.0015259021896696368
162200426,0.0015259021896696368
162210325,0.0015259021896696368
162220257,1.823453116655216
162230402,2.381933318074317
162240406,6.358434424353405
162250170,-0.49591821164263195
162260417,-1.7624170290684305
162270325,0.697337300679024
162280235,-1.5701533531700562
162290471,3.709468223086901
162300428,4.249637598229953
162310162,0.8804455634393804
162320439,3.529411764705884
162330295,0.2029449912260617
162340171,4.341191729610131
162350455,4.017700465400168
162360419,-1.84786755168993
162370171,4.286259250782024
162380460,1.9302662699320905
162390292,1.9119554436560549
162400215,4.1489280537117565
162410426,2.012664988174265
162420436,0.2487220569161508
162430169,2.446021210040442
162440448,1.5091172655832708
162450315,1.9058518348973763
162460176,1.6617074845502344
162470423,2.882429236285958
162480387,2.7664606698710656
162490156,3.6697947661554906
162500444,3.1357289997711177
162510305,3.181506065461207
162520179,2.723735408560316
162530446,1.6861219195849486
162540492,0.25177386129549006
162550156,3.0777447165636715
162560421,5.116350041962306
162570315,3.1113145647364036
162580165,2.589456015869388
162590410,4.063477531090257
162600452,2.299534599832157
162610174,1.7990386816205017
162620443,0.8377203021286306
162630346,1.823453116655216
162640177,0.7278553444724167
162650413,2.7420462348363515
162660431,3.9383535515373467
162670186,5.253681239032574
162680425,3.6820019836728477
162690328,2.024872205691622
162700150,1.7257953765163592
162710442,1.9394216830701083
162720433,2.180514229037925
162730158,2.7115281910429587
162740445,3.2974746318760992
162750327,3.5904478522926695
162760148,4.939345387960628
162770450,3.0746929121843323
162780433,2.3880369268329957
162790185,2.1164263370718004
162800428,2.009613183794926
162810310,2.2079804684519786
162820184,2.311741817349514
162830418,2.9678797589074577
162840430,4.313725490196077
162850183,4.2710002288853275
162860415,4.173342488746471
162870314,2.824444953078512
162880225,2.2293430991073535
162890450,1.478599221789878
162900422,2.232394903486693
162910172,2.6840619516289053
162920418,3.3981841763942953
162930324,3.9017318989852754
162940188,4.7623407339589505
162950407,3.8162813763637757
162960447,3.596551461051348
162970183,3.181506065461207
162980413,2.4429694056611027
162990311,1.5304798962386457
163000171,2.87327382314794
163010400,3.9658197909514
163020408,4.573128862439916
163030161,3.84069581139849
163040436,5.336079957274734
163050323,2.491798275730531
163060174,3.147936217288475
163070429,2.53757534142062
163080416,3.2028686961165818
163090174,2.7298390173189944
163100419,3.651483939879455
163110294,3.709468223086901
163120185,4.875257495994504
163130405,4.686045624475469
163140485,3.437857633325706
163150163,3.2669565880827065
163160427,3.2669565880827065
163170421,3.2669565880827065
163180255,3.7705043106736866
163190515,3.8010223544670794
163200442,4.283207446402685
163210161,5.201800564583806
163220420,4.536507209887844
163230320,5.027847714961467
163240172,3.7491416800183117
163250420,4.167238879987792
163260411,3.1082627603570643
163270154,3.5355153734645626
163280429,4.222171358815899
163290317,5.683985656519411
163300160,5.363546196688787
163310421,5.610742351415269
163320490,4.9759670405127
163330161,4.0146486610208285
163340424,4.353398947127488
163350324,1.0635538261997368
163360166,2.2171358815899964
163370431,4.896620126649879
163380480,6.272983901731905
163390161,6.272983901731905
163400424,6.059357595178156
163410324,5.323872739757377
163420182,4.1824979018844886
163430415,3.0441748683909395
163440427,3.1906614785992247
163450169,2.671854734111548
163460431,5.448996719310287
163470331,6.059357595178156
163480150,6.892500190737778
163490421,5.555809872587162
163500459,5.360494392309448
163510155,4.802014190890361
163520412,2.9007400625619937
163530348,2.6657511253528696
163540255,3.7888151369497223
163550454,5.378805218585484
163560429,6.340123598077369
163570193,6.666666666666671
163580418,5.3086137178606805
163590327,5.909819180590517
163600201,4.771496147096968
163610456,3.987182421606775
163620403,2.0401312275883186
163630179,3.517204547188527
163640421,4.423590447852291
163650354,6.242465857938512
163660184,7.444876783398186
163670408,7.634088654917221
163680411,7.331960021362633
163690208,5.906767376211178
163700434,3.303578240634778
163710326,2.894636453803315
163720187,3.395132372014956
163730412,4.658579385061415
163740406,5.104142824444949
163750170,8.48249027237354
163760419,9.916838330662998
163770331,10.225070572976279
163780185,6.724650949874118
163790482,0.9964141298542728
163800435,1.5915159838254311
163810184,3.1357289997711177
163820439,4.234378576333256
163830332,6.364538033112083
163840255,9.745937285419998
163850463,10.542458228427563
163860479,8.543526359960325
163870284,7.13359273670558
163880433,4.649423971923397
163890418,2.8976882581826544
163900192,1.9333180743114298
163910451,3.7125200274662404
163920413,6.434729533836887
163930182,9.575036240176999
163940440,9.816128786144802
163950328,8.76935988403143
163960164,8.201724269474326
163970469,6.077668421454192
163980399,5.571068894483858
163990185,5.580224307621876
164000435,1.6983291371023057
164010323,4.084840161745632
164020180,6.739909971770814
164030433,9.956511787594408
164040476,9.996185244525819
164050178,9.037918669413287
164060428,7.896543831540399
164070341,6.694132906080725
164080170,5.6321049820706435
164090423,4.625009536888683
164100433,0.16021972991531186
164110192,6.20889600976578
164120429,9.340047302967875
164130348,9.596398870832374
164140175,12.639047837033644
164150421,10.716411078049902
164160439,8.278019378957808
164170169,4.063477531090257
164180446,3.428702220187688
164190325,2.681010147249566
164200154,4.408331425955595
164210418,8.366521705958647
164220424,10.295262073701082
164230167,12.541390096894787
164240419,10.112153810940725
164250347,8.613717860685128
164260168,4.634164950026701
164270392,3.013656824597547
164280441,3.508049134050509
164290195,5.568017090104519
164300426,6.7124437323567605
164310419,8.720531013962002
164320199,11.537346456092166
164330409,10.572976272220956
164340444,9.15388723582818
164350182,8.458075837338825
164360414,6.4774547951476364
164370325,3.819333180743115
164380191,4.280155642023345
164390445,5.827420462348357
164400421,7.017624170290688
164410189,8.708323796444645
164420421,12.272831311512931
164430331,11.079575799191275
164440194,8.430609597924771
164450496,8.430609597924771
164460455,8.430609597924771
164470187,8.430609597924771
164480430,8.430609597924771
164490341,8.430609597924771
164500228,8.430609597924771
164510441,8.430609597924771
164520430,8.430609597924771
164530189,8.430609597924771
164540460,8.430609597924771
164550348,8.430609597924771
164560171,8.430609597924771
164570435,8.430609597924771
164580425,8.430609597924771
164590177,8.430609597924771
164600449,8.430609597924771
164610305,8.430609597924771
164620186,8.430609597924771
164630433,8.430609597924771
164640417,8.430609597924771
164650180,8.430609597924771
164660449,8.430609597924771
164670423,8.430609597924771
164680174,8.430609597924771
164690439,8.430609597924771
164700431,8.430609597924771
164710190,8.430609597924771
164720503,8.430609597924771
164730344,8.430609597924771
164740189,8.430609597924771
164750455,8.430609597924771
164760425,8.430609597924771
164770192,8.430609597924771
164780478,8.430609597924771
164790385,8.430609597924771
164800168,8.430609597924771
164810438,8.430609597924771
164820450,8.430609597924771
164830184,8.430609597924771
164840442,8.430609597924771
164850375,8.430609597924771
164860168,8.430609597924771
164870472,8.430609597924771
164880460,8.430609597924771
164890230,8.430609597924771
164900448,8.430609597924771
164910352,8.430609597924771
164920164,8.430609597924771
164930442,8.430609597924771
164940450,8.430609597924771
164950184,8.430609597924771
164960474,8.430609597924771
164970358,8.430609597924771
164980235,8.430609597924771
164990446,8.430609597924771
165000448,8.430609597924771
165010178,8.430609597924771
165020459,8.430609597924771
165030373,8.430609597924771
165040208,8.430609597924771
165050473,8.430609597924771
165060450,8.430609597924771
165070202,8.430609597924771
165080436,8.430609597924771
165090336,8.430609597924771
165100195,8.430609597924771
165110441,8.430609597924771
165120464,8.430609597924771
165130185,8.430609597924771
165140446,8.430609597924771
165150341,8.430609597924771
165160185,8.430609597924771
165170434,8.430609597924771
165180429,8.430609597924771
165190201,8.430609597924771
165200435,8.430609597924771
165210354,8.430609597924771
165220189,8.430609597924771
165230453,8.430609597924771
165240435,8.430609597924771
165250250,8.430609597924771
165261360,8.430609597924771
165270382,8.430609597924771
165280265,8.430609597924771
165291724,8.430609597924771
165300424,8.430609597924771
165310219,8.430609597924771
165320471,8.430609597924771
165330351,8.430609597924771
165340187,8.430609597924771
165350445,8.430609597924771
165360449,8.430609597924771
165370244,8.430609597924771
165380551,8.430609597924771
165390341,8.430609597924771
165400236,8.430609597924771
165410484,8.430609597924771
165420422,8.430609597924771
165430193,8.430609597924771
165440471,8.430609597924771
165450357,8.430609597924771
165460181,8.430609597924771
165470480,8.430609597924771
165480455,8.430609597924771
165490190,8.430609597924771
165500461,8.430609597924771
165510350,8.430609597924771
165520180,8.430609597924771
165530477,8.430609597924771
165540468,8.430609597924771
165550176,8.430609597924771
165560478,8.430609597924771
165570387,8.430609597924771
165580242,8.430609597924771
165590454,8.430609597924771
165600448,8.430609597924771
165610192,8.430609597924771
165620459,8.430609597924771
165630380,8.430609597924771
165640188,8.430609597924771
165650453,8.430609597924771
165660453,8.430609597924771
165670170,8.430609597924771
165680453,8.430609597924771
165690362,8.430609597924771
165700213,8.430609597924771
165710460,8.430609597924771
165720453,8.430609597924771
165730189,8.430609597924771
165740460,8.430609597924771
165750357,8.430609597924771
165760186,8.430609597924771
165770440,8.430609597924771
165780451,8.430609597924771
165790201,8.430609597924771
165800461,8.430609597924771
165810349,8.430609597924771
165820197,8.430609597924771
165830445,8.430609597924771
165840456,8.430609597924771
165850210,8.430609597924771
165860442,8.430609597924771
165870368,8.430609597924771
165880200,8.430609597924771
165890472,8.430609597924771
165900436,8.430609597924771
165910203,8.430609597924771
165920446,8.430609597924771
165930376,8.430609597924771
165940191,8.430609597924771
165950435,8.430609597924771
165960440,8.430609597924771
165970205,8.430609597924771
165980446,8.430609597924771
165990372,8.430609597924771
166000188,8.430609597924771
166010429,8.430609597924771
166020437,8.430609597924771
166030184,8.430609597924771
166040476,8.430609597924771
166050335,8.430609597924771
166060200,8.430609597924771
166070502,8.430609597924771
166080474,8.430609597924771
166090197,8.430609597924771
166100483,8.430609597924771
166110336,8.430609597924771
166120182,8.430609597924771
166130465,8.430609597924771
166140433,8.430609597924771
166150301,8.430609597924771
166160497,8.430609597924771
166170377,8.430609597924771
166180186,8.430609597924771
166190464,8.430609597924771
166200435,8.430609597924771
166210205,8.430609597924771
166220454,8.430609597924771
166230365,8.430609597924771
166240268,8.430609597924771
166250498,8.430609597924771
166260465,8.430609597924771
166270245,8.430609597924771
166280457,8.430609597924771
166290376,8.430609597924771
166300231,8.430609597924771
166310490,8.430609597924771
166320466,8.430609597924771
166330194,8.430609597924771
166340441,8.430609597924771
166350378,8.430609597924771
166360210,8.430609597924771
166370478,8.430609597924771
166380463,8.430609597924771
166390172,8.430609597924771
166400464,8.430609597924771
166410353,8.430609597924771
166420171,8.430609597924771
166430458,8.430609597924771
166440452,8.430609597924771
166450168,8.430609597924771
166460448,8.430609597924771
166470381,8.430609597924771
166480180,8.430609597924771
166490429,8.430609597924771
166500449,8.430609597924771
166510197,8.430609597924771
166520446,8.430609597924771
166530384,8.430609597924771
166540204,8.430609597924771
166550450,8.430609597924771
166560465,8.430609597924771
166570273,8.430609597924771
166580440,8.430609597924771
166590432,8.430609597924771
166600198,8.430609597924771
166610470,8.430609597924771
166620451,8.430609597924771
166630277,8.430609597924771
166640440,8.430609597924771
166650354,8.430609597924771
166660207,8.430609597924771
166670437,8.430609597924771
166680439,8.430609597924771
166690191,8.430609597924771
166700465,8.430609597924771
166710344,8.430609597924771
166720194,8.430609597924771
166730443,8.430609597924771
166740451,8.430609597924771
166750200,8.430609597924771
166760436,8.430609597924771
166770350,8.430609597924771
166780208,8.430609597924771
166790490,8.430609597924771
166800436,8.430609597924771
166810203,8.430609597924771
166820476,8.430609597924771
166830372,8.430609597924771
166840209,8.430609597924771
166850504,8.430609597924771
166860472,8.430609597924771
166870203,8.430609597924771
166880492,8.430609597924771
166890363,8.430609597924771
166900192,8.430609597924771
166910465,8.430609597924771
166920441,8.430609597924771
166930190,8.430609597924771
166940485,8.430609597924771
166950436,8.430609597924771
166960192,8.430609597924771
166970468,8.430609597924771
166980430,8.430609597924771
166990187,8.430609597924771
167000469,8.430609597924771
167010332,8.430609597924771
167020186,8.430609597924771
167030450,8.430609597924771
167040470,8.430609597924771
167050198,8.430609597924771
167060453,8.430609597924771
167070390,8.430609597924771
167080201,8.430609597924771
167090480,8.430609597924771
167100459,8.430609597924771
167110190,8.430609597924771
167120456,8.430609597924771
167130385,8.430609597924771
167140200,8.430609597924771
167150450,8.430609597924771
167160454,8.430609597924771
167170182,8.430609597924771
167180452,8.430609597924771
167190344,8.430609597924771
167200183,8.430609597924771
167210453,8.430609597924771
167220460,8.430609597924771
167230245,8.430609597924771
167240485,8.430609597924771
167250394,8.430609597924771
167260191,8.430609597924771
167270450,8.430609597924771
167280459,8.430609597924771
167290278,8.430609597924771
167300457,8.430609597924771
167310361,8.430609597924771
167320215,8.430609597924771
167330490,8.430609597924771
167340463,8.430609597924771
167350218,8.430609597924771
167360499,8.430609597924771
167370373,8.430609597924771
167380242,8.430609597924771
167390487,8.430609597924771
167400463,8.430609597924771
167410203,8.430609597924771
167420458,8.430609597924771
167430376,8.430609597924771
167440215,8.430609597924771
167450471,8.430609597924771
167460453,8.430609597924771
167470215,8.430609597924771
167480455,8.430609597924771
167490366,8.430609597924771
167500213,8.430609597924771
167510444,8.430609597924771
167520447,8.430609597924771
167530383,8.430609597924771
167540493,8.430609597924771
167550357,8.430609597924771
167560211,8.430609597924771
167570502,8.430609597924771
167580443,8.430609597924771
167590201,8.430609597924771
167600486,8.430609597924771
167610340,8.430609597924771
167620189,8.430609597924771
167630504,8.430609597924771
167640454,8.430609597924771
167650206,8.430609597924771
167660466,8.430609597924771
167670371,8.430609597924771
167680212,8.430609597924771
167690482,8.430609597924771
167700440,8.430609597924771
167710247,8.430609597924771
167720470,8.430609597924771
167730352,8.430609597924771
167740260,8.430609597924771
167750477,8.430609597924771
167760455,8.430609597924771
167770187,8.430609597924771
167780538,8.430609597924771
167790403,8.430609597924771
167800189,8.430609597924771
167810452,8.430609597924771
167820477,8.430609597924771
167830197,8.430609597924771
167840460,8.430609597924771
167850397,8.430609597924771
167860203,8.430609597924771
167870475,8.430609597924771
167880481,8.430609597924771
167890203,8.430609597924771
167900462,8.430609597924771
167910387,8.430609597924771
167920196,8.430609597924771
167930442,8.430609597924771
167940489,8.430609597924771
167950217,8.430609597924771
167960473,8.430609597924771
167970359,8.430609597924771
167980251,8.430609597924771
167990450,8.430609597924771
168000468,8.430609597924771
168010239,8.430609597924771
168020453,8.430609597924771
168030364,8.430609597924771
168040209,8.430609597924771
168050454,8.430609597924771
168060463,8.430609597924771
168070243,8.430609597924771
168080509,8.430609597924771
168090387,8.430609597924771
168100204,8.430609597924771
168110457,8.430609597924771
168120457,8.430609597924771
168130281,8.430609597924771
168140454,8.430609597924771
168150392,8.430609597924771
168160224,8.430609597924771
168170441,8.430609597924771
168180470,8.430609597924771
168190213,8.430609597924771
168200457,8.430609597924771
168210384,8.430609597924771
168220224,8.430609597924771
168230488,8.430609597924771
168240490,8.430609597924771
168250224,8.430609597924771
168260446,8.430609597924771
168270377,8.430609597924771
168280215,8.430609597924771
168290471,8.430609597924771
168300451,8.430609597924771
168310213,8.430609597924771
168320478,8.430609597924771
168330358,8.430609597924771
168340216,8.430609597924771
168350475,8.430609597924771
168360451,8.430609597924771
168370213,8.430609597924771
168380495,8.430609597924771
168390378,8.430609597924771
168400240,8.430609597924771
168410471,8.430609597924771
168420450,8.430609597924771
168430209,8.430609597924771
168440483,8.430609597924771
168450368,8.430609597924771
168460191,8.430609597924771
168470505,8.430609597924771
168480461,8.430609597924771
168490199,8.430609597924771
168500482,8.430609597924771
168510352,8.430609597924771
168520203,8.430609597924771
168530470,8.430609597924771
168540487,8.430609597924771
168550215,8.430609597924771
168560501,8.430609597924771
168570383,8.430609597924771
168580192,8.430609597924771
168590458,8.430609597924771
168600469,8.430609597924771
168610205,8.430609597924771
168620484,8.430609597924771
168630514,8.430609597924771
168640209,8.430609597924771
168650473,8.430609597924771
168660512,8.430609597924771
168670200,8.430609597924771
168680468,8.430609597924771
168690378,8.430609597924771
168700203,8.430609597924771
168710483,8.430609597924771
168720471,8.430609597924771
168730185,8.430609597924771
168740492,8.430609597924771
168750390,8.430609597924771
168760197,8.430609597924771
168770460,8.430609597924771
168780459,8.430609597924771
168790236,8.430609597924771
168800467,8.430609597924771
168810383,8.430609597924771
168820226,8.430609597924771
168830465,8.430609597924771
168840463,8.430609597924771
168850224,8.430609597924771
168860456,8.430609597924771
168870385,8.430609597924771
168880247,8.430609597924771
168890486,8.430609597924771
168900480,8.430609597924771
168910268,8.430609597924771
168920472,8.430609597924771
168930370,8.430609597924771
168940211,8.430609597924771
168950457,8.430609597924771
168960464,8.430609597924771
168970204,8.430609597924771
168980511,8.430609597924771
168990358,8.430609597924771
169000246,8.430609597924771
169010453,8.430609597924771
169020458,8.430609597924771
169030228,8.430609597924771
169040486,8.430609597924771
169050357,8.430609597924771
169060220,8.430609597924771
169070497,8.430609597924771
169080463,8.430609597924771
169090204,8.430609597924771
169100486,8.430609597924771
169110363,8.430609597924771
169120207,8.430609597924771
169130506,8.430609597924771
169140463,8.430609597924771
169150218,8.430609597924771
169160471,8.430609597924771
169170385,8.430609597924771
169180214,8.430609597924771
169190481,8.430609597924771
169200447,8.430609597924771
169210200,8.430609597924771
169220487,8.430609597924771
169230348,8.430609597924771
169240251,8.430609597924771
169250496,8.430609597924771
169260450,8.430609597924771
169270215,8.430609597924771
169280475,8.430609597924771
169290382,8.430609597924771
169300201,8.430609597924771
169310474,8.430609597924771
169320488,8.430609597924771
169330196,8.430609597924771
169340496,8.430609597924771
169350378,8.430609597924771
169360208,8.430609597924771
169370470,8.430609597924771
169380481,8.430609597924771
169390196,8.430609597924771
169400492,8.430609597924771
169410382,8.430609597924771
169420217,8.430609597924771
169430495,8.430609597924771
169440482,8.430609597924771
169450203,8.430609597924771
169460464,8.430609597924771
169470389,8.430609597924771
169480192,8.430609597924771
169490506,8.430609597924771
169500470,8.430609597924771
169510260,8.430609597924771
169520463,8.430609597924771
169530401,8.430609597924771
169540233,8.430609597924771
169550472,8.430609597924771
169560484,8.430609597924771
169570218,8.430609597924771
169580459,8.430609597924771
169590394,8.430609597924771
169600231,8.430609597924771
169610478,8.430609597924771
169620471,8.430609597924771
169630291,8.430609597924771
169640497,8.430609597924771
169650366,8.430609597924771
169660214,8.430609597924771
169670469,8.430609597924771
169680480,8.430609597924771
169690231,8.430609597924771
169700460,8.430609597924771
169710401,8.430609597924771
169720209,8.430609597924771
169730491,8.430609597924771
169740474,8.430609597924771
169750227,8.430609597924771
169760451,8.430609597924771
169770386,8.430609597924771
169780218,8.430609597924771
169790522,8.430609597924771
169800457,8.430609597924771
169810228,8.430609597924771
169820489,8.430609597924771
169830393,8.430609597924771
169840207,8.430609597924771
169850477,8.430609597924771
169860483,8.430609597924771
169870209,8.430609597924771
169880495,8.430609597924771
169890388,8.430609597924771
169900206,8.430609597924771
169910471,8.430609597924771
169920467,8.430609597924771
169930217,8.430609597924771
169940502,8.430609597924771
169950380,8.430609597924771
169960204,8.430609597924771
169970526,8.430609597924771
169980460,8.430609597924771
169990205,8.430609597924771
170000487,8.430609597924771
170010372,8.430609597924771
170020199,8.430609597924771
170030491,8.430609597924771
170040480,8.430609597924771
170050257,8.430609597924771
170060472,8.430609597924771
170070408,8.430609597924771
170080205,8.430609597924771
170090512,8.430609597924771
170100488,8.430609597924771
170110239,8.430609597924771
170120476,8.430609597924771
170130406,8.430609597924771
170140205,8.430609597924771
170150477,8.430609597924771
170160488,8.430609597924771
170170218,8.430609597924771
170180474,8.430609597924771
170190377,8.430609597924771
170200217,8.430609597924771
170210473,8.430609597924771
170220482,8.430609597924771
170230205,8.430609597924771
170240468,8.430609597924771
170250378,8.430609597924771
170260242,8.430609597924771
170270469,8.430609597924771
170280482,8.430609597924771
170290251,8.430609597924771
170300481,8.430609597924771
170310384,8.430609597924771
170320222,8.430609597924771
170330473,8.430609597924771
170340466,8.430609597924771
170350236,8.430609597924771
170360471,8.430609597924771
170370399,8.430609597924771
170380232,8.430609597924771
170390493,8.430609597924771
170400471,8.430609597924771
170410235,8.430609597924771
170420727,8.430609597924771
170430411,8.430609597924771
170440223,8.430609597924771
170450484,8.430609597924771
170460473,8.430609597924771
170470280,8.430609597924771
170480461,8.430609597924771
170490401,8.430609597924771
170500221,8.430609597924771
170510457,8.430609597924771
170520468,8.430609597924771
170530223,8.430609597924771
170540489,8.430609597924771
170550371,8.430609597924771
170560219,8.430609597924771
170570490,8.430609597924771
170580452,8.430609597924771
170590258,8.430609597924771
170610368,8.430609597924771
170600502,8.430609597924771
170620215,8.430609597924771
170630485,8.430609597924771
170640506,8.430609597924771
170650238,8.430609597924771
170660497,8.430609597924771
170670378,8.430609597924771
170680218,8.430609597924771
170690501,8.430609597924771
170700460,8.430609597924771
170710210,8.430609597924771
170720494,8.430609597924771
170730358,8.430609597924771
170740209,8.430609597924771
170750484,8.430609597924771
170760468,8.430609597924771
170770283,8.430609597924771
170780518,8.430609597924771
170790417,8.430609597924771
170800209,8.430609597924771
170810482,8.430609597924771
170820491,8.430609597924771
170830358,8.430609597924771
170850389,8.430609597924771
170840490,8.430609597924771
170860205,8.430609597924771
170870477,8.430609597924771
170880499,8.430609597924771
170890224,8.430609597924771
170900490,8.430609597924771
170910405,8.430609597924771
170920258,8.430609597924771
170930474,8.430609597924771
170940489,8.430609597924771
170950210,8.430609597924771
170960484,8.430609597924771
170970401,8.430609597924771
170980207,8.430609597924771
170990483,8.430609597924771
171000483,8.430609597924771
171010218,8.430609597924771
171020510,8.430609597924771
171030383,8.430609597924771
171040243,8.430609597924771
171050505,8.430609597924771
171060476,8.430609597924771
171070242,8.430609597924771
171090390,8.430609597924771
171100226,8.430609597924771
171080486,8.430609597924771
171110476,8.430609597924771
171120476,8.430609597924771
171130231,8.430609597924771
171140487,8.430609597924771
171150376,8.430609597924771
171160229,8.430609597924771
171170479,8.430609597924771
171180486,8.430609597924771
171190242,8.430609597924771
171200482,8.430609597924771
171210386,8.430609597924771
171220224,8.430609597924771
171240471,8.430609597924771
171250237,8.430609597924771
171230469,8.430609597924771
171260461,8.430609597924771
171270376,8.430609597924771
171280222,8.430609597924771
171290509,8.430609597924771
171300473,8.430609597924771
171310271,8.430609597924771
171320502,8.430609597924771
171330397,8.430609597924771
171340236,8.430609597924771
171350524,8.430609597924771
171360480,8.430609597924771
171370220,8.430609597924771
171380495,8.430609597924771
171390365,8.430609597924771
171400225,8.430609597924771
171410497,8.430609597924771
171420476,8.430609597924771
171430233,8.430609597924771
171440514,8.430609597924771
171450401,8.430609597924771
171460218,8.430609597924771
171470521,8.430609597924771
171480474,8.430609597924771
171490220,8.430609597924771
171500505,8.430609597924771
171510366,8.430609597924771
171520219,8.430609597924771
171530492,8.430609597924771
171540492,8.430609597924771
171550215,8.430609597924771
171560490,8.430609597924771
171570396,8.430609597924771
171580207,8.430609597924771
171590493,8.430609597924771
171600489,8.430609597924771
171610227,8.430609597924771
171620478,8.430609597924771
171630411,8.430609597924771
171640209,8.430609597924771
171650495,8.430609597924771
171660530,8.430609597924771
171670270,8.430609597924771
171680488,8.430609597924771
171690413,8.430609597924771
171700228,8.430609597924771
171710481,8.430609597924771
171720524,8.430609597924771
171730269,8.430609597924771
171740482,8.430609597924771
171750394,8.430609597924771
171760208,8.430609597924771
171770510,8.430609597924771
171780495,8.430609597924771
171790255,8.430609597924771
171800482,8.430609597924771
171810396,8.430609597924771
171820276,8.430609597924771
171830485,8.430609597924771
171840479,8.430609597924771
171850252,8.430609597924771
171860491,8.430609597924771
171870408,8.430609597924771
171880243,8.430609597924771
171890484,8.430609597924771
171900478,8.430609597924771
171910249,8.430609597924771
171920495,8.430609597924771
171930494,8.430609597924771
171940251,8.430609597924771
171950485,8.430609597924771
171960479,8.430609597924771
171970296,8.430609597924771
171980473,8.430609597924771
171990376,8.430609597924771
172000239,8.430609597924771
172010502,8.430609597924771
172020487,8.430609597924771
172030241,8.430609597924771
172040498,8.430609597924771
172050401,8.430609597924771
172060242,8.430609597924771
172070511,8.430609597924771
172080484,8.430609597924771
172090223,8.430609597924771
172100502,8.430609597924771
172110404,8.430609597924771
172120243,8.430609597924771
172130532,8.430609597924771
172140511,8.430609597924771
172150235,8.430609597924771
172160498,8.430609597924771
172170403,8.430609597924771
172180232,8.430609597924771
172190522,8.430609597924771
172200471,8.430609597924771
172210241,8.430609597924771
172220488,8.430609597924771
172230402,8.430609597924771
172240232,8.430609597924771
172250497,8.430609597924771
172260471,8.430609597924771
172270234,8.430609597924771
172280486,8.430609597924771
172290429,8.430609597924771
172300273,8.430609597924771
172310492,8.430609597924771
172320502,8.430609597924771
172330229,8.430609597924771
172340489,8.430609597924771
172350431,8.430609597924771
172360215,8.430609597924771
172370492,8.430609597924771
172380540,8.430609597924771
172390228,8.430609597924771
172400492,8.430609597924771
172410396,8.430609597924771
172420211,8.430609597924771
172430478,8.430609597924771
172440491,8.430609597924771
172450217,8.430609597924771
172460498,8.430609597924771
172470409,8.430609597924771
172480219,8.430609597924771
172490490,8.430609597924771
172500490,8.430609597924771
172510280,8.430609597924771
172520479,8.430609597924771
172530420,8.430609597924771
172540243,8.430609597924771
172550519,8.430609597924771
172560505,8.430609597924771
172570233,8.430609597924771
172580490,8.430609597924771
172590412,8.430609597924771
172600249,8.430609597924771
172610486,8.430609597924771
172620499,8.430609597924771
172630239,8.430609597924771
172640497,8.430609597924771
172650416,8.430609597924771
172660246,8.430609597924771
172670485,8.430609597924771
172680484,8.430609597924771
172690238,8.430609597924771
172700489,8.430609597924771
172710387,8.430609597924771
172720232,8.430609597924771
172730515,8.430609597924771
172740487,8.430609597924771
172750251,8.430609597924771
172760474,8.430609597924771
172770387,8.430609597924771
172780229,8.430609597924771
172790501,8.430609597924771
172800479,8.430609597924771
172810239,8.430609597924771
172820510,8.430609597924771
172830381,8.430609597924771
172840233,8.430609597924771
172850513,8.430609597924771
172860494,8.430609597924771
172870262,8.430609597924771
172880515,8.430609597924771
172890387,8.430609597924771
172900228,8.430609597924771
172910537,8.430609597924771
172920481,8.430609597924771
172930240,8.430609597924771
172940501,8.430609597924771
172950401,8.430609597924771
172960241,8.430609597924771
172970527,8.430609597924771
172980483,8.430609597924771
172990228,8.430609597924771
173000499,8.430609597924771
173010477,8.430609597924771
173020225,8.430609597924771
173030501,8.430609597924771
173040501,8.430609597924771
173050244,8.430609597924771
173060501,8.430609597924771
173070431,8.430609597924771
173080237,8.430609597924771
173090510,8.430609597924771
173100503,8.430609597924771
173110228,8.430609597924771
173120494,8.430609597924771
173130419,8.430609597924771
173140236,8.430609597924771
173150533,8.430609597924771
173160529,8.430609597924771
173170218,8.430609597924771
173180492,8.430609597924771
173190392,8.430609597924771
173200239,8.430609597924771
173210495,8.430609597924771
173220517,8.430609597924771
173230218,8.430609597924771
173240503,8.430609597924771
173250425,8.430609597924771
173260232,8.430609597924771
173270500,8.430609597924771
173280508,8.430609597924771
173290247,8.430609597924771
173300487,8.430609597924771
173310393,8.430609597924771
173320242,8.430609597924771
173330508,8.430609597924771
173340498,8.430609597924771
173350239,8.430609597924771
173360486,8.430609597924771
173370420,8.430609597924771
173380239,8.430609597924771
173390529,8.430609597924771
173400487,8.430609597924771
173410257,8.430609597924771
173420490,8.430609597924771
173430386,8.430609597924771
173440250,8.430609597924771
173450502,8.430609597924771
173460495,8.430609597924771
173470241,8.430609597924771
173480486,8.430609597924771
173490391,8.430609597924771
173500240,8.430609597924771
173510480,8.430609597924771
173520485,8.430609597924771
173530305,8.430609597924771
173540507,8.430609597924771
173550392,8.430609597924771
173560253,8.430609597924771
173570508,8.430609597924771
173580496,8.430609597924771
173590247,8.430609597924771
173600514,8.430609597924771
173610394,8.430609597924771
173620244,8.430609597924771
173630510,8.430609597924771
173640489,8.430609597924771
173650238,8.430609597924771
173660507,8.430609597924771
173670376,8.430609597924771
173680249,8.430609597924771
173690511,8.430609597924771
173700496,8.430609597924771
173710297,8.430609597924771
173720503,8.430609597924771
173730393,8.430609597924771
173740245,8.430609597924771
173750527,8.430609597924771
173760679,8.430609597924771
173770246,8.430609597924771
173780504,8.430609597924771
173790436,8.430609597924771
173800230,8.430609597924771
173810512,8.430609597924771
173820513,8.430609597924771
173830230,8.430609597924771
173840514,8.430609597924771
173850428,8.430609597924771
173860245,8.430609597924771
173870514,8.430609597924771
173880504,8.430609597924771
173890228,8.430609597924771
173900507,8.430609597924771
173910429,8.430609597924771
173920287,8.430609597924771
173930527,8.430609597924771
173940503,8.430609597924771
173950243,8.430609597924771
173960507,8.430609597924771
173970399,8.430609597924771
173980221,8.430609597924771
173990499,8.430609597924771
174000513,8.430609597924771
174010269,8.430609597924771
174020491,8.430609597924771
174030410,8.430609597924771
174040254,8.430609597924771
174050503,8.430609597924771
174060501,8.430609597924771
174070261,8.430609597924771
174080501,8.430609597924771
174090409,8.430609597924771
174100258,8.430609597924771
174110497,8.430609597924771
174120498,8.430609597924771
174130296,8.430609597924771
174140495,8.430609597924771
174150422,8.430609597924771
174160257,8.430609597924771
174170475,8.430609597924771
174180505,8.430609597924771
174190249,8.430609597924771
174200498,8.430609597924771
174210401,8.430609597924771
174220252,8.430609597924771
174230510,8.430609597924771
174240521,8.430609597924771
174250266,8.430609597924771
174260512,8.430609597924771
174270392,8.430609597924771
174280292,8.430609597924771
174290539,8.430609597924771
174300498,8.430609597924771
174310289,8.430609597924771
174320514,8.430609597924771
174330418,8.430609597924771
174340247,8.430609597924771
174350516,8.430609597924771
174360497,8.430609597924771
174370236,8.430609597924771
174380525,8.430609597924771
174390409,8.430609597924771
174400242,8.430609597924771
174410519,8.430609597924771
174420516,8.430609597924771
174430235,8.430609597924771
174440527,8.430609597924771
174450393,8.430609597924771
174460246,8.430609597924771
174470536,8.430609597924771
174480490,8.430609597924771
174490237,8.430609597924771
174500521,8.430609597924771
174510389,8.430609597924771
174520249,8.430609597924771
174530542,8.430609597924771
174540513,8.430609597924771
174550255,8.430609597924771
174560510,8.430609597924771
174570441,8.430609597924771
174580235,8.430609597924771
174590517,8.430609597924771
174600511,8.430609597924771
174610255,8.430609597924771
174620517,8.430609597924771
174630414,8.430609597924771
174640230,8.430609597924771
174650509,8.430609597924771
174660546,8.430609597924771
174670242,8.430609597924771
174680503,8.430609597924771
174690435,8.430609597924771
174700225,8.430609597924771
174710505,8.430609597924771
174720518,8.430609597924771
174730300,8.430609597924771
174740505,8.430609597924771
174750413,8.430609597924771
174760223,8.430609597924771
174770511,8.430609597924771
174780509,8.430609597924771
174790271,8.430609597924771
174800499,8.430609597924771
174810411,8.430609597924771
174820303,8.430609597924771
174830497,8.430609597924771
174840513,8.430609597924771
174850263,8.430609597924771
174860496,8.430609597924771
174870432,8.430609597924771
174880319,8.430609597924771
174890487,8.430609597924771
174900501,8.430609597924771
174910254,8.430609597924771
174920488,8.430609597924771
174930430,8.430609597924771
174940272,8.430609597924771
174950491,8.430609597924771
174960524,8.430609597924771
174970257,8.430609597924771
174980489,8.430609597924771
174990428,8.430609597924771
175000255,8.430609597924771
175010493,8.430609597924771
175020504,8.430609597924771
175030253,8.430609597924771
175040519,8.430609597924771
175050425,8.430609597924771
175060257,8.430609597924771
175070528,8.430609597924771
175080496,8.430609597924771
175090266,8.430609597924771
175100525,8.430609597924771
175110427,8.430609597924771
175120247,8.430609597924771
175130519,8.430609597924771
175140488,8.430609597924771
175150259,8.430609597924771
175160515,8.430609597924771
175170407,8.430609597924771
175180254,8.430609597924771
175190549,8.430609597924771
175200489,8.430609597924771
175210251,8.430609597924771
175220513,8.430609597924771
175230389,8.430609597924771
175240257,8.430609597924771
175250544,8.430609597924771
175260491,8.430609597924771
175270236,8.430609597924771
175280508,8.430609597924771
175290431,8.430609597924771
175300249,8.430609597924771
175310513,8.430609597924771
175320524,8.430609597924771
175330238,8.430609597924771
175340512,8.430609597924771
175350447,8.430609597924771
175360243,8.430609597924771
175370513,8.430609597924771
175380526,8.430609597924771
175390230,8.430609597924771
175400522,8.430609597924771
175410416,8.430609597924771
175420239,8.430609597924771
175430496,8.430609597924771
175440540,8.430609597924771
175450230,8.430609597924771
175460508,8.430609597924771
175470410,8.430609597924771
175480247,8.430609597924771
175490527,8.430609597924771
175500517,8.430609597924771
175510293,8.430609597924771
175520504,8.430609597924771
175530434,8.430609597924771
175540265,8.430609597924771
175550502,8.430609597924771
175560512,8.430609597924771
175570303,8.430609597924771
175580519,8.430609597924771
175590422,8.430609597924771
175600261,8.430609597924771
175610502,8.430609597924771
175620512,8.430609597924771
175630253,8.430609597924771
175640513,8.430609597924771
175650513,8.430609597924771
175660262,8.430609597924771
175670544,8.430609597924771
175680505,8.430609597924771
175690252,8.430609597924771
175700520,8.430609597924771
175710401,8.430609597924771
175720262,8.430609597924771
175730540,8.430609597924771
175740503,8.430609597924771
175750266,8.430609597924771
175760501,8.430609597924771
175770421,8.430609597924771
175780325,8.430609597924771
175790549,8.430609597924771
175800503,8.430609597924771
175810263,8.430609597924771
175820522,8.430609597924771
175830401,8.430609597924771
175840294,8.430609597924771
175850535,8.430609597924771
175860503,8.430609597924771
175870256,8.430609597924771
175880529,8.430609597924771
175890431,8.430609597924771
175900265,8.430609597924771
175910545,8.430609597924771
175920526,8.430609597924771
175930263,8.430609597924771
175940532,8.430609597924771
175950426,8.430609597924771
175960249,8.430609597924771
175970512,8.430609597924771
175980496,8.430609597924771
175990261,8.430609597924771
176000521,8.430609597924771
176010390,8.430609597924771
176020252,8.430609597924771
176030514,8.430609597924771
176040540,8.430609597924771
176050263,8.430609597924771
176060512,8.430609597924771
176070447,8.430609597924771
176080248,8.430609597924771
176090525,8.430609597924771
176100528,8.430609597924771
176110251,8.430609597924771
176120512,8.430609597924771
176130449,8.430609597924771
176140236,8.430609597924771
176150547,8.430609597924771
176160517,8.430609597924771
176170252,8.430609597924771
176180511,8.430609597924771
176190448,8.430609597924771
176200250,8.430609597924771
176210523,8.430609597924771
176220533,8.430609597924771
176230303,8.430609597924771
176240507,8.430609597924771
176250447,8.430609597924771
176260229,8.430609597924771
176270521,8.430609597924771
176280528,8.430609597924771
176290261,8.430609597924771
176300513,8.430609597924771
176310408,8.430609597924771
176320261,8.430609597924771
176330546,8.430609597924771
176340518,8.430609597924771
176350287,8.430609597924771
176360512,8.430609597924771
176370421,8.430609597924771
176380266,8.430609597924771
176390550,8.430609597924771
176400515,8.430609597924771
176410310,8.430609597924771
176420551,8.430609597924771
176430427,8.430609597924771
176440330,8.430609597924771
176450513,8.430609597924771
176460512,8.430609597924771
176470330,8.430609597924771
176480517,8.430609597924771
176490443,8.430609597924771
176500271,8.430609597924771
176510522,8.430609597924771
176520510,8.430609597924771
176530325,8.430609597924771
176540531,8.430609597924771
176550510,8.430609597924771
176560262,8.430609597924771
176570524,8.430609597924771
176580514,8.430609597924771
176590328,8.430609597924771
176600534,8.430609597924771
176610425,8.430609597924771
176620374,8.430609597924771
176630530,8.430609597924771
176640503,8.430609597924771
176650276,8.430609597924771
176660531,8.430609597924771
176670437,8.430609597924771
176680253,8.430609597924771
176690526,8.430609597924771
176700505,8.430609597924771
176710288,8.430609597924771
176720536,8.430609597924771
176730404,8.430609597924771
176740254,8.430609597924771
176750518,8.430609597924771
176760502,8.430609597924771
176770265,8.430609597924771
176780523,8.430609597924771
176790457,8.430609597924771
176800304,8.430609597924771
176810531,8.430609597924771
176820532,8.430609597924771
176830310,8.430609597924771
176840545,8.430609597924771
176850464,8.430609597924771
176860264,8.430609597924771
176870518,8.430609597924771
176880520,8.430609597924771
176890262,8.430609597924771
176900527,8.430609597924771
176910438,8.430609597924771
176920245,8.430609597924771
176930559,8.430609597924771
176940589,8.430609597924771
176950257,8.430609597924771
176960524,8.430609597924771
176970423,8.430609597924771
176980245,8.430609597924771
176990539,8.430609597924771
177000524,8.430609597924771
177010304,8.430609597924771
177020526,8.430609597924771
177030442,8.430609597924771
177040285,8.430609597924771
177050549,8.430609597924771
177060557,8.430609597924771
177070315,8.430609597924771
177080527,8.430609597924771
177090447,8.430609597924771
177100285,8.430609597924771
177110512,8.430609597924771
177120519,8.430609597924771
177130279,8.430609597924771
177140532,8.430609597924771
177150423,8.430609597924771
177160265,8.430609597924771
177170549,8.430609597924771
177180519,8.430609597924771
177190275,8.430609597924771
177200521,8.430609597924771
177210408,8.430609597924771
177220311,8.430609597924771
177230512,8.430609597924771
177240521,8.430609597924771
177250288,8.430609597924771
177260540,8.430609597924771
177270439,8.430609597924771
177280263,8.430609597924771
177290547,8.430609597924771
177300513,8.430609597924771
177310271,8.430609597924771
177320540,8.430609597924771
177330412,8.430609597924771
177340327,8.430609597924771
177350515,8.430609597924771
177360519,8.430609597924771
177370327,8.430609597924771
177380543,8.430609597924771
177390407,8.430609597924771
177400255,8.430609597924771
177410533,8.430609597924771
177420513,8.430609597924771
177430271,8.430609597924771
177440534,8.430609597924771
177450508,8.430609597924771
177460254,8.430609597924771
177470553,8.430609597924771
177480505,8.430609597924771
177490304,8.430609597924771
177500541,8.430609597924771
177510435,8.430609597924771
177520250,8.430609597924771
177530562,8.430609597924771
177540562,8.430609597924771
177550334,8.430609597924771
177560546,8.430609597924771
177570449,8.430609597924771
177580250,8.430609597924771
177590537,8.430609597924771
177600529,8.430609597924771
177610291,8.430609597924771
177620520,8.430609597924771
177630460,8.430609597924771
177640261,8.430609597924771
177650523,8.430609597924771
177660540,8.430609597924771
177670317,8.430609597924771
177680548,8.430609597924771
177690454,8.430609597924771
177700255,8.430609597924771
177710550,8.430609597924771
177720550,8.430609597924771
177730252,8.430609597924771
177740538,8.430609597924771
177750448,8.430609597924771
177760240,8.430609597924771
177770519,8.430609597924771
177780523,8.430609597924771
177790426,8.430609597924771
177800529,8.430609597924771
177810447,8.430609597924771
177820296,8.430609597924771
177830519,8.430609597924771
177840531,8.430609597924771
177850293,8.430609597924771
177860546,8.430609597924771
177870441,8.430609597924771
177880286,8.430609597924771
177890515,8.430609597924771
177900518,8.430609597924771
177910273,8.430609597924771
177920511,8.430609597924771
177930445,8.430609597924771
177940291,8.430609597924771
177950527,8.430609597924771
177960526,8.430609597924771
177970298,8.430609597924771
177980583,8.430609597924771
177990446,8.430609597924771
178000306,8.430609597924771
178010505,8.430609597924771
178020536,8.430609597924771
178030291,8.430609597924771
178040551,8.430609597924771
178050449,8.430609597924771
178060275,8.430609597924771
178070560,8.430609597924771
178080512,8.430609597924771
178090335,8.430609597924771
178100549,8.430609597924771
178110424,8.430609597924771
178120266,8.430609597924771
178130530,8.430609597924771
178140531,8.430609597924771
178150271,8.430609597924771
178160580,8.430609597924771
178170432,8.430609597924771
178180258,8.430609597924771
178190572,8.430609597924771
178200506,8.430609597924771
178210265,8.430609597924771
178220536,8.430609597924771
178230413,8.430609597924771
178240263,8.430609597924771
178250541,8.430609597924771
178260537,8.430609597924771
178270258,8.430609597924771
178280533,8.430609597924771
178290454,8.430609597924771
178300276,8.430609597924771
178310558,8.430609597924771
178320549,8.430609597924771
178330259,8.430609597924771
178340546,8.430609597924771
178350467,8.430609597924771
178360258,8.430609597924771
178370541,8.430609597924771
178380534,8.430609597924771
178390274,8.430609597924771
178400528,8.430609597924771
178410470,8.430609597924771
178420268,8.430609597924771
178430533,8.430609597924771
178440528,8.430609597924771
178450252,8.430609597924771
178460529,8.430609597924771
178470460,8.430609597924771
178480267,8.430609597924771
178490561,8.430609597924771
178500535,8.430609597924771
178510246,8.430609597924771
178520534,8.430609597924771
178530458,8.430609597924771
178540285,8.430609597924771
178550558,8.430609597924771
178560538,8.430609597924771
178570288,8.430609597924771
178580525,8.430609597924771
178590445,8.430609597924771
178600274,8.430609597924771
178610522,8.430609597924771
178620534,8.430609597924771
178630282,8.430609597924771
178640521,8.430609597924771
178650439,8.430609597924771
178660271,8.430609597924771
178670519,8.430609597924771
178680523,8.430609597924771
178690276,8.430609597924771
178700517,8.430609597924771
178710419,8.430609597924771
178720276,8.430609597924771
178730524,8.430609597924771
178740514,8.430609597924771
178750291,8.430609597924771
178760546,8.430609597924771
178770464,8.430609597924771
178780285,8.430609597924771
178790586,8.430609597924771
178800519,8.430609597924771
178810330,8.430609597924771
178820542,8.430609597924771
178830450,8.430609597924771
178840334,8.430609597924771
178850548,8.430609597924771
178860517,8.430609597924771
178870335,8.430609597924771
178880546,8.430609597924771
178890441,8.430609597924771
178900286,8.430609597924771
178910553,8.430609597924771
178920512,8.430609597924771
178930277,8.430609597924771
178940566,8.430609597924771
178950414,8.430609597924771
178960265,8.430609597924771
178970536,8.430609597924771
178980520,8.430609597924771
178990279,8.430609597924771
179000567,8.430609597924771
179010440,8.430609597924771
179020265,8.430609597924771
179030519,8.430609597924771
179040554,8.430609597924771
179050286,8.430609597924771
179060590,8.430609597924771
179070455,8.430609597924771
179080262,8.430609597924771
179090524,8.430609597924771
179100552,8.430609597924771
179110280,8.430609597924771
179120540,8.430609597924771
179130448,8.430609597924771
179140265,8.430609597924771
179150536,8.430609597924771
179160544,8.430609597924771
179170275,8.430609597924771
179180528,8.430609597924771
179190473,8.430609597924771
179200257,8.430609597924771
179210521,8.430609597924771
179220542,8.430609597924771
179230268,8.430609597924771
179240546,8.430609597924771
179250435,8.430609597924771
179260270,8.430609597924771
179270536,8.430609597924771
179280545,8.430609597924771
179290353,8.430609597924771
179300553,8.430609597924771
179310463,8.430609597924771
179320285,8.430609597924771
179330562,8.430609597924771
179340539,8.430609597924771
179350296,8.430609597924771
179360541,8.430609597924771
179370455,8.430609597924771
179380277,8.430609597924771
179390525,8.430609597924771
179400560,8.430609597924771
179410283,8.430609597924771
179420547,8.430609597924771
179430431,8.430609597924771
179440288,8.430609597924771
179450513,8.430609597924771
179460541,8.430609597924771
179470299,8.430609597924771
179480525,8.430609597924771
179490456,8.430609597924771
179500337,8.430609597924771
179510551,8.430609597924771
179520541,8.430609597924771
179530281,8.430609597924771
179540570,8.430609597924771
179550441,8.430609597924771
179560290,8.430609597924771
179570557,8.430609597924771
179580542,8.430609597924771
179590284,8.430609597924771
179600567,8.430609597924771
179610454,8.430609597924771
179620272,8.430609597924771
179630555,8.430609597924771
179640545,8.430609597924771
179650279,8.430609597924771
179660556,8.430609597924771
179670448,8.430609597924771
179680268,8.430609597924771
179690561,8.430609597924771
179700522,8.430609597924771
179710322,8.430609597924771
179720547,8.430609597924771
179730454,8.430609597924771
179740266,8.430609597924771
179750557,8.430609597924771
179760527,8.430609597924771
179770311,8.430609597924771
179780544,8.430609597924771
179790467,8.430609597924771
179800265,8.430609597924771
179810542,8.430609597924771
179820549,8.430609597924771
179830270,8.430609597924771
179840548,8.430609597924771
179850449,8.430609597924771
179860270,8.430609597924771
179870556,8.430609597924771
179880548,8.430609597924771
179890269,8.430609597924771
179900547,8.430609597924771
179910455,8.430609597924771
179920263,8.430609597924771
179930568,8.430609597924771
179940544,8.430609597924771
179950319,8.430609597924771
179960539,8.430609597924771
179970474,8.430609597924771
179980271,8.430609597924771
179990561,8.430609597924771
180000555,8.430609597924771
180010275,8.430609597924771
180020558,8.430609597924771
180030455,8.430609597924771
180040289,8.430609597924771
180050531,8.430609597924771
180060548,8.430609597924771
180070303,8.430609597924771
180080526,8.430609597924771
180090466,8.430609597924771
180100299,8.430609597924771
180110537,8.430609597924771
180120555,8.430609597924771
180130285,8.430609597924771
180140537,8.430609597924771
180150449,8.430609597924771
180160283,8.430609597924771
180170569,8.430609597924771
180180555,8.430609597924771
180190286,8.430609597924771
180200526,8.430609597924771
180210423,8.430609597924771
180220288,8.430609597924771
180230539,8.430609597924771
180240535,8.430609597924771
180250281,8.430609597924771
180260534,8.430609597924771
180270469,8.430609597924771
180280297,8.430609597924771
180290560,8.430609597924771
180300535,8.430609597924771
180310300,8.430609597924771
180320575,8.430609597924771
180330453,8.430609597924771
180340294,8.430609597924771
180350557,8.430609597924771
180360581,8.430609597924771
180370345,8.430609597924771
180380566,8.430609597924771
180390428,8.430609597924771
180400273,8.430609597924771
180410560,8.430609597924771
180420540,8.430609597924771
180430347,8.430609597924771
180440561,8.430609597924771
180450439,8.430609597924771
180460325,8.430609597924771
180470551,8.430609597924771
180480543,8.430609597924771
180490342,8.430609597924771
180500551,8.430609597924771
180511070,8.430609597924771
180520455,8.430609597924771
180530546,8.430609597924771
180542419,8.430609597924771
180550288,8.430609597924771
180560552,8.430609597924771
180570496,8.430609597924771
180580281,8.430609597924771
180590646,8.430609597924771
180600552,8.430609597924771
180610297,8.430609597924771
180620565,8.430609597924771
180630558,8.430609597924771
180640294,8.430609597924771
180650562,8.430609597924771
180660551,8.430609597924771
180670317,8.430609597924771
180680535,8.430609597924771
180690443,8.430609597924771
180700273,8.430609597924771
180710557,8.430609597924771
180720585,8.430609597924771
180730284,8.430609597924771
180740545,8.430609597924771
180750473,8.430609597924771
180760273,8.430609597924771
180770563,8.430609597924771
180780554,8.430609597924771
180790310,8.430609597924771
180800551,8.430609597924771
180810437,8.430609597924771
180820288,8.430609597924771
180830538,8.430609597924771
180840544,8.430609597924771
180850306,8.430609597924771
180860541,8.430609597924771
180870542,8.430609597924771
180880313,8.430609597924771
180890536,8.430609597924771
180900540,8.430609597924771
180910313,8.430609597924771
180920533,8.430609597924771
180930473,8.430609597924771
180940308,8.430609597924771
180950552,8.430609597924771
180960546,8.430609597924771
180970304,8.430609597924771
180980545,8.430609597924771
180990438,8.430609597924771
181000299,8.430609597924771
181010527,8.430609597924771
181020562,8.430609597924771
181030285,8.430609597924771
181040560,8.430609597924771
181050465,8.430609597924771
181060286,8.430609597924771
181070576,8.430609597924771
181080583,8.430609597924771
181090285,8.430609597924771
181100570,8.430609597924771
181110464,8.430609597924771
181120277,8.430609597924771
181130542,8.430609597924771
181140532,8.430609597924771
181150296,8.430609597924771
181160551,8.430609597924771
181170429,8.430609597924771
181180282,8.430609597924771
181190582,8.430609597924771
181200545,8.430609597924771
181210286,8.430609597924771
181220581,8.430609597924771
181230462,8.430609597924771
181240287,8.430609597924771
181250550,8.430609597924771
181260551,8.430609597924771
181270278,8.430609597924771
181280557,8.430609597924771
181290445,8.430609597924771
181300290,8.430609597924771
181310562,8.430609597924771
181320588,8.430609597924771
181330337,8.430609597924771
181340556,8.430609597924771
181350483,8.430609597924771
181360338,8.430609597924771
181370573,8.430609597924771
181380567,8.430609597924771
181390271,8.430609597924771
181400556,8.430609597924771
181410457,8.430609597924771
181420269,8.430609597924771
181430583,8.430609597924771
181440564,8.430609597924771
181450332,8.430609597924771
181460589,8.430609597924771
181470484,8.430609597924771
181480286,8.430609597924771
181490534,8.430609597924771
181500548,8.430609597924771
181510268,8.430609597924771
181520548,8.430609597924771
181530479,8.430609597924771
181540315,8.430609597924771
181550550,8.430609597924771
181560553,8.430609597924771
181570302,8.430609597924771
181580562,8.430609597924771
181590474,8.430609597924771
181600315,8.430609597924771
181610537,8.430609597924771
181620558,8.430609597924771
181630300,8.430609597924771
181640537,8.430609597924771
181650438,8.430609597924771
181660298,8.430609597924771
181670535,8.430609597924771
181680544,8.430609597924771
181690308,8.430609597924771
181700539,8.430609597924771
181710449,8.430609597924771
181720305,8.430609597924771
181730554,8.430609597924771
181740538,8.430609597924771
181750298,8.430609597924771
181760540,8.430609597924771
181770459,8.430609597924771
181780302,8.430609597924771
181790597,8.430609597924771
181800536,8.430609597924771
181810306,8.430609597924771
181820571,8.430609597924771
181830458,8.430609597924771
181840303,8.430609597924771
181850566,8.430609597924771
181860552,8.430609597924771
181870354,8.430609597924771
181880568,8.430609597924771
181890445,8.430609597924771
181900293,8.430609597924771
181910564,8.430609597924771
181920549,8.430609597924771
181930286,8.430609597924771
181940570,8.430609597924771
181950448,8.430609597924771
181960298,8.430609597924771
181970604,8.430609597924771
181980557,8.430609597924771
181990286,8.430609597924771
182000568,8.430609597924771
182010437,8.430609597924771
182020340,8.430609597924771
182030565,8.430609597924771
182040561,8.430609597924771
182050294,8.430609597924771
182060556,8.430609597924771
182070479,8.430609597924771
182080307,8.430609597924771
182090601,8.430609597924771
182100574,8.430609597924771
182110295,8.430609597924771
182120575,8.430609597924771
182130462,8.430609597924771
182140352,8.430609597924771
182150601,8.430609597924771
182160573,8.430609597924771
182170347,8.430609597924771
182180547,8.430609597924771
182190467,8.430609597924771
182200275,8.430609597924771
182210575,8.430609597924771
182220565,8.430609597924771
182230280,8.430609597924771
182240570,8.430609597924771
182250459,8.430609597924771
182260349,8.430609597924771
182270559,8.430609597924771
182280571,8.430609597924771
182290318,8.430609597924771
182300554,8.430609597924771
182310481,8.430609597924771
182320306,8.430609597924771
182330560,8.430609597924771
182340555,8.430609597924771
182350325,8.430609597924771
182360542,8.430609597924771
182370455,8.430609597924771
182380303,8.430609597924771
182390562,8.430609597924771
182400546,8.430609597924771
182410296,8.430609597924771
182420557,8.430609597924771
182430467,8.430609597924771
182440301,8.430609597924771
182450541,8.430609597924771
182460548,8.430609597924771
182470304,8.430609597924771
182480542,8.430609597924771
182490461,8.430609597924771
182500294,8.430609597924771
182510535,8.430609597924771
182520563,8.430609597924771
182530295,8.430609597924771
182540596,8.430609597924771
182550464,8.430609597924771
182560434,8.430609597924771
182570567,8.430609597924771
182580550,8.430609597924771
182590297,8.430609597924771
182600574,8.430609597924771
182610460,8.430609597924771
182620308,8.430609597924771
182630562,8.430609597924771
182640537,8.430609597924771
182650303,8.430609597924771
182660559,8.430609597924771
182670467,8.430609597924771
182680289,8.430609597924771
182690572,8.430609597924771
182700544,8.430609597924771
182710312,8.430609597924771
182720572,8.430609597924771
182730468,8.430609597924771
182740298,8.430609597924771
182750589,8.430609597924771
182760539,8.430609597924771
182770304,8.430609597924771
182780565,8.430609597924771
182790483,8.430609597924771
182800509,8.430609597924771
182810566,8.430609597924771
182820583,8.430609597924771
182830349,8.430609597924771
182840571,8.430609597924771
182850469,8.430609597924771
182860287,8.430609597924771
182870564,8.430609597924771
182880573,8.430609597924771
182890292,8.430609597924771
182900567,8.430609597924771
182910460,8.430609597924771
182920284,8.430609597924771
182930574,8.430609597924771
182940563,8.430609597924771
182950284,8.430609597924771
182960557,8.430609597924771
182970464,8.430609597924771
182980280,8.430609597924771
182990559,8.430609597924771
183000565,8.430609597924771
183010296,8.430609597924771
183020561,8.430609597924771
183030493,8.430609597924771
183040318,8.430609597924771
183050555,8.430609597924771
183060562,8.430609597924771
183070304,8.430609597924771
183080562,8.430609597924771
183090466,8.430609597924771
183100317,8.430609597924771
183110540,8.430609597924771
183120563,8.430609597924771
183130303,8.430609597924771
183140553,8.430609597924771
183150457,8.430609597924771
183160303,8.430609597924771
183170554,8.430609597924771
183180586,8.430609597924771
183190302,8.430609597924771
183200586,8.430609597924771
183210491,8.430609597924771
183220305,8.430609597924771
183230549,8.430609597924771
183240554,8.430609597924771
183250321,8.430609597924771
183260555,8.430609597924771
183270464,8.430609597924771
183280300,8.430609597924771
183290573,8.430609597924771
183300550,8.430609597924771
183310350,8.430609597924771
183320578,8.430609597924771
183330443,8.430609597924771
183340312,8.430609597924771
183350576,8.430609597924771
183360556,8.430609597924771
183370341,8.430609597924771
183380576,8.430609597924771
183390466,8.430609597924771
183400294,8.430609597924771
183410581,8.430609597924771
183420553,8.430609597924771
183430292,8.430609597924771
183440579,8.430609597924771
183450456,8.430609597924771
183460309,8.430609597924771
183470560,8.430609597924771
183480548,8.430609597924771
183490297,8.430609597924771
183500570,8.430609597924771
183510461,8.430609597924771
183520297,8.430609597924771
183530557,8.430609597924771
183540589,8.430609597924771
183550299,8.430609597924771
183560559,8.430609597924771
183570486,8.430609597924771
183580293,8.430609597924771
183590586,8.430609597924771
183600587,8.430609597924771
183610290,8.430609597924771
183620555,8.430609597924771
183630484,8.430609597924771
183640305,8.430609597924771
183650576,8.430609597924771
183660582,8.430609597924771
183670301,8.430609597924771
183680561,8.430609597924771
183690502,8.430609597924771
183700291,8.430609597924771
183710565,8.430609597924771
183720578,8.430609597924771
183730288,8.430609597924771
183740599,8.430609597924771
183750472,8.430609597924771
183760290,8.430609597924771
183770558,8.430609597924771
183780563,8.430609597924771
183790330,8.430609597924771
183800566,8.430609597924771
183810469,8.430609597924771
183820310,8.430609597924771
183830558,8.430609597924771
183840605,8.430609597924771
183850337,8.430609597924771
183860553,8.430609597924771
183870492,8.430609597924771
183880315,8.430609597924771
183890556,8.430609597924771
183900563,8.430609597924771
183910321,8.430609597924771
183920559,8.430609597924771
183930463,8.430609597924771
183940372,8.430609597924771
183950569,8.430609597924771
183960554,8.430609597924771
183970320,8.430609597924771
183980558,8.430609597924771
183990496,8.430609597924771
184000312,8.430609597924771
184010557,8.430609597924771
184020556,8.430609597924771
184030311,8.430609597924771
184040595,8.430609597924771
184050468,8.430609597924771
184060325,8.430609597924771
184070587,8.430609597924771
184080549,8.430609597924771
184090323,8.430609597924771
184100593,8.430609597924771
184110489,8.430609597924771
184120306,8.430609597924771
184130568,8.430609597924771
184140552,8.430609597924771
184150304,8.430609597924771
184160574,8.430609597924771
184170464,8.430609597924771
184180304,8.430609597924771
184190581,8.430609597924771
184200546,8.430609597924771
184210297,8.430609597924771
184220574,8.430609597924771
